"release","APP - GINI -ADS","APP - GINI - AIS","APP - SCF","APP - ADCS","BA1-ADS","BA1-GINI -ADS","BA1-AIS","BA1-GINI -AIS","BA2-ADS","BA2-GINI -ADS","BA2-AIS","BA2-GINI -AIS","BA3-ADS","BA3-GINI -ADS","BA3-AIS","BA3-GINI -AIS","BA4-ADS","BA4-GINI -ADS","BA4-AIS","BA4-GINI -AIS","BA5-ADS","BA5-GINI -ADS","BA5-AIS","BA5-GINI -AIS","BA6-ADS","BA6-GINI -ADS","BA6-AIS","BA6-GINI -AIS","BA7-ADS","BA7-GINI -ADS","BA7-AIS","BA7-GINI -AIS","BA8-ADS","BA8-GINI -ADS","BA8-AIS","BA8-GINI -AIS","BA9-ADS","BA9-GINI -ADS","BA9-AIS","BA9-GINI -AIS","BA10-ADS","BA10-GINI -ADS","BA10-AIS","BA10-GINI -AIS","BA11-ADS","BA11-GINI -ADS","BA11-AIS","BA11-GINI -AIS","BA12-ADS","BA12-GINI -ADS","BA12-AIS","BA12-GINI -AIS","BA13-ADS","BA13-GINI -ADS","BA13-AIS","BA13-GINI -AIS","BA14-ADS","BA14-GINI -ADS","BA14-AIS","BA14-GINI -AIS","BA15-ADS","BA15-GINI -ADS","BA15-AIS","BA15-GINI -AIS","BA16-ADS","BA16-GINI -ADS","BA16-AIS","BA16-GINI -AIS","BA17-ADS","BA17-GINI -ADS","BA17-AIS","BA17-GINI -AIS","BA18-ADS","BA18-GINI -ADS","BA18-AIS","BA18-GINI -AIS","BA19-ADS","BA19-GINI -ADS","BA19-AIS","BA19-GINI -AIS","BA20-ADS","BA20-GINI -ADS","BA20-AIS","BA20-GINI -AIS","BA21-ADS","BA21-GINI -ADS","BA21-AIS","BA21-GINI -AIS","BA22-ADS","BA22-GINI -ADS","BA22-AIS","BA22-GINI -AIS","BA23-ADS","BA23-GINI -ADS","BA23-AIS","BA23-GINI -AIS","BA24-ADS","BA24-GINI -ADS","BA24-AIS","BA24-GINI -AIS","BA25-ADS","BA25-GINI -ADS","BA25-AIS","BA25-GINI -AIS","BA26-ADS","BA26-GINI -ADS","BA26-AIS","BA26-GINI -AIS","BA27-ADS","BA27-GINI -ADS","BA27-AIS","BA27-GINI -AIS","BA28-ADS","BA28-GINI -ADS","BA28-AIS","BA28-GINI -AIS","BA29-ADS","BA29-GINI -ADS","BA29-AIS","BA29-GINI -AIS","BA30-ADS","BA30-GINI -ADS","BA30-AIS","BA30-GINI -AIS","BA31-ADS","BA31-GINI -ADS","BA31-AIS","BA31-GINI -AIS","CPS1-ADS","CPS1-GINI -ADS","CPS1-AIS","CPS1-GINI -AIS","CPS2-ADS","CPS2-GINI -ADS","CPS2-AIS","CPS2-GINI -AIS","GTW-ADS","GTW-GINI -ADS","GTW-AIS","GTW-GINI -AIS","REG-ADS","REG-GINI -ADS","REG-AIS","REG-GINI -AIS","MSB-ADS","MSB-GINI -ADS","MSB-AIS","MSB-GINI -AIS","CFG-ADS","CFG-GINI -ADS","CFG-AIS","CFG-GINI -AIS","TRC-ADS","TRC-GINI -ADS","TRC-AIS","TRC-GINI -AIS","MSV1-ADS","MSV1-GINI -ADS","MSV1-AIS","MSV1-GINI -AIS","MSV2-ADS","MSV2-GINI -ADS","MSV2-AIS","MSV2-GINI -AIS","MSV3-ADS","MSV3-GINI -ADS","MSV3-AIS","MSV3-GINI -AIS","MSV4-ADS","MSV4-GINI -ADS","MSV4-AIS","MSV4-GINI -AIS","MSV5-ADS","MSV5-GINI -ADS","MSV5-AIS","MSV5-GINI -AIS","MSV6-ADS","MSV6-GINI -ADS","MSV6-AIS","MSV6-GINI -AIS","MSV7-ADS","MSV7-GINI -ADS","MSV7-AIS","MSV7-GINI -AIS","MSV8-ADS","MSV8-GINI -ADS","MSV8-AIS","MSV8-GINI -AIS","MSV9-ADS","MSV9-GINI -ADS","MSV9-AIS","MSV9-GINI -AIS","MSV10-ADS","MSV10-GINI -ADS","MSV10-AIS","MSV10-GINI -AIS","MSV11-ADS","MSV11-GINI -ADS","MSV11-AIS","MSV11-GINI -AIS","MSV12-ADS","MSV12-GINI -ADS","MSV12-AIS","MSV12-GINI -AIS","MSV13-ADS","MSV13-GINI -ADS","MSV13-AIS","MSV13-GINI -AIS","MSV14-ADS","MSV14-GINI -ADS","MSV14-AIS","MSV14-GINI -AIS","MSV15-ADS","MSV15-GINI -ADS","MSV15-AIS","MSV15-GINI -AIS","MSV16-ADS","MSV16-GINI -ADS","MSV16-AIS","MSV16-GINI -AIS","MSV17-ADS","MSV17-GINI -ADS","MSV17-AIS","MSV17-GINI -AIS","MSV18-ADS","MSV18-GINI -ADS","MSV18-AIS","MSV18-GINI -AIS","MSV19-ADS","MSV19-GINI -ADS","MSV19-AIS","MSV19-GINI -AIS","MSV20-ADS","MSV20-GINI -ADS","MSV20-AIS","MSV20-GINI -AIS"
"0","0.3349282","0.6359649","0.09388335704125178","3.473684210526316","3.0","0","4.0","0","3.0","0","4.0","0","2.0","0","1.0","0","4.0","0","3.0","0","2.0","0","1.0","0","2.0","0","1.0","0","2.0","0","1.0","0","2.0","0","3.0","0","3.0","0","1.0","0","2.0","0","2.0","0","4.0","0","1.0","0","3.0","0","1.0","0","2.0","0","1.0","0","4.0","0","1.0","0","3.0","0","1.0","0","3.0","0","1.0","0","3.0","0","2.0","0","2.0","0","2.0","0","3.0","0","1.0","0","2.0","0","1.0","0","3.0","0","1.0","0","3.0","0","1.0","0","2.0","0","1.0","0","2.0","0","2.0","0","3.0","0","1.0","0","2.0","0","1.0","0","3.0","0","1.0","0","3.0","0","1.0","0","4.0","0","1.0","0","4.0","0","1.0","0","4.0","0","1.0","0","3.0","0","1.0","0","7.0","0","1.0","0","19.0","0","0.0","0","1.0","0","16.0","0","13.0","0","19.0","0","1.0","0","15.0","0","1.0","0","35.0","0","0.0","","0.0","","0.0","","0.0","","0.0","","0.0","","0.0","","0.0","","0.0","","0.0","","0.0","","0.0","","0.0","","0.0","","0.0","","0.0","","0.0","","0.0","","0.0","","0.0","","0.0","","0.0","","0.0","","0.0","","0.0","","0.0","","0.0","","0.0","","0.0","","0.0","","0.0","","0.0","","0.0","","0.0","","0.0","","0.0","","0.0","","0.0","","0.0","","0.0"
"1","0.3355634","0.6440141","0.09102564102564102","3.55","3.0","0","6.0","0.1","3.0","0","4.0","0","2.0","0","1.0","0","4.0","0","3.0","0","2.0","0","1.0","0","2.0","0","1.0","0","2.0","0","1.0","0","2.0","0","3.0","0","3.0","0","1.0","0","2.0","0","2.0","0","4.0","0","1.0","0","3.0","0","1.0","0","2.0","0","1.0","0","4.0","0","1.0","0","3.0","0","1.0","0","3.0","0","1.0","0","3.0","0","2.0","0","2.0","0","2.0","0","3.0","0","1.0","0","2.0","0","1.0","0","3.0","0","1.0","0","3.0","0","1.0","0","2.0","0","1.0","0","2.0","0","2.0","0","3.0","0","1.0","0","2.0","0","1.0","0","3.0","0","1.0","0","3.0","0","1.0","0","4.0","0","1.0","0","4.0","0","1.0","0","4.0","0","1.0","0","3.0","0","1.0","0","7.0","0","1.0","0","21.0","0.025","0.0","0","1.0","0","18.0","0.02941176","13.0","0","19.0","0","1.0","0","17.0","0.03125","1.0","0","37.0","0.01388889","4.0","0","1.0","0","4.0","0","1.0","0","0.0","","0.0","","0.0","","0.0","","0.0","","0.0","","0.0","","0.0","","0.0","","0.0","","0.0","","0.0","","0.0","","0.0","","0.0","","0.0","","0.0","","0.0","","0.0","","0.0","","0.0","","0.0","","0.0","","0.0","","0.0","","0.0","","0.0","","0.0","","0.0","","0.0","","0.0","","0.0","","0.0","","0.0","","0.0","","0.0"
"2","0.3387721","0.6442389","0.08841463414634146","3.5365853658536586","3.0","0","7.0","0.1176471","3.0","0","4.0","0","2.0","0","1.0","0","4.0","0","3.0","0","2.0","0","1.0","0","2.0","0","1.0","0","2.0","0","1.0","0","2.0","0","3.0","0","3.0","0","1.0","0","2.0","0","2.0","0","4.0","0","1.0","0","3.0","0","1.0","0","2.0","0","1.0","0","4.0","0","1.0","0","3.0","0","1.0","0","3.0","0","1.0","0","3.0","0","2.0","0","2.0","0","2.0","0","3.0","0","1.0","0","2.0","0","1.0","0","3.0","0","1.0","0","3.0","0","1.0","0","2.0","0","1.0","0","2.0","0","2.0","0","3.0","0","1.0","0","2.0","0","1.0","0","3.0","0","1.0","0","3.0","0","1.0","0","4.0","0","1.0","0","4.0","0","1.0","0","4.0","0","1.0","0","3.0","0","1.0","0","7.0","0","1.0","0","22.0","0.03225806","0.0","0","1.0","0","19.0","0.03773585","13.0","0","19.0","0","1.0","0","17.0","0.02721088","1.0","0","37.0","0.01223242","4.0","0","1.0","0","4.0","0","1.0","0","2.0","0","1.0","0","0.0","","0.0","","0.0","","0.0","","0.0","","0.0","","0.0","","0.0","","0.0","","0.0","","0.0","","0.0","","0.0","","0.0","","0.0","","0.0","","0.0","","0.0","","0.0","","0.0","","0.0","","0.0","","0.0","","0.0","","0.0","","0.0","","0.0","","0.0","","0.0","","0.0","","0.0","","0.0","","0.0","","0.0"
"3","0.3371692","0.6524741","0.08350951374207188","3.590909090909091","3.0","0","10.0","0.1759259","3.0","0","4.0","0","2.0","0","1.0","0","4.0","0","3.0","0","2.0","0","1.0","0","2.0","0","1.0","0","2.0","0","1.0","0","2.0","0","3.0","0","3.0","0","1.0","0","2.0","0","2.0","0","4.0","0","1.0","0","3.0","0","1.0","0","2.0","0","1.0","0","4.0","0","1.0","0","3.0","0","1.0","0","3.0","0","1.0","0","3.0","0","2.0","0","2.0","0","2.0","0","3.0","0","1.0","0","2.0","0","1.0","0","3.0","0","1.0","0","3.0","0","1.0","0","2.0","0","1.0","0","2.0","0","2.0","0","3.0","0","1.0","0","2.0","0","1.0","0","3.0","0","1.0","0","3.0","0","1.0","0","4.0","0","1.0","0","4.0","0","1.0","0","4.0","0","1.0","0","3.0","0","1.0","0","7.0","0","1.0","0","25.0","0.05459770","0.0","0","1.0","0","22.0","0.06333333","13.0","0","19.0","0","1.0","0","19.0","0.04411765","1.0","0","39.0","0.02027027","4.0","0","1.0","0","4.0","0","1.0","0","2.0","0","1.0","0","3.0","0","1.0","0","4.0","0","1.0","0","3.0","0","1.0","0","0.0","","0.0","","0.0","","0.0","","0.0","","0.0","","0.0","","0.0","","0.0","","0.0","","0.0","","0.0","","0.0","","0.0","","0.0","","0.0","","0.0","","0.0","","0.0","","0.0","","0.0","","0.0","","0.0","","0.0","","0.0","","0.0","","0.0","","0.0"
"4","0.3371692","0.6524741","0.08350951374207188","3.590909090909091","3.0","0","10.0","0.1729730","3.0","0","4.0","0","2.0","0","1.0","0","4.0","0","3.0","0","2.0","0","1.0","0","2.0","0","1.0","0","2.0","0","1.0","0","2.0","0","3.0","0","3.0","0","1.0","0","2.0","0","2.0","0","4.0","0","1.0","0","3.0","0","1.0","0","2.0","0","1.0","0","4.0","0","1.0","0","3.0","0","1.0","0","3.0","0","1.0","0","3.0","0","2.0","0","2.0","0","2.0","0","3.0","0","1.0","0","2.0","0","1.0","0","3.0","0","1.0","0","3.0","0","1.0","0","2.0","0","1.0","0","2.0","0","2.0","0","3.0","0","1.0","0","2.0","0","1.0","0","3.0","0","1.0","0","3.0","0","1.0","0","4.0","0","1.0","0","4.0","0","1.0","0","4.0","0","1.0","0","3.0","0","1.0","0","7.0","0","1.0","0","25.0","0.05714286","0.0","0","1.0","0","22.0","0.06597938","13.0","0","19.0","0","1.0","0","19.0","0.04597701","1.0","0","39.0","0.02139037","4.0","0","1.0","0","4.0","0","1.0","0","2.0","0","1.0","0","3.0","0","1.0","0","4.0","0","1.0","0","3.0","0","1.0","0","0.0","","0.0","","0.0","","0.0","","0.0","","0.0","","0.0","","0.0","","0.0","","0.0","","0.0","","0.0","","0.0","","0.0","","0.0","","0.0","","0.0","","0.0","","0.0","","0.0","","0.0","","0.0","","0.0","","0.0","","0.0","","0.0","","0.0","","0.0"
"5","0.3370143","0.6563054","0.08232323232323233","3.6222222222222222","3.0","0","11.0","0.1736111","3.0","0","4.0","0","2.0","0","1.0","0","4.0","0","3.0","0","2.0","0","1.0","0","2.0","0","1.0","0","2.0","0","1.0","0","2.0","0","3.0","0","3.0","0","1.0","0","2.0","0","2.0","0","4.0","0","1.0","0","3.0","0","1.0","0","2.0","0","1.0","0","4.0","0","1.0","0","3.0","0","1.0","0","3.0","0","1.0","0","3.0","0","2.0","0","2.0","0","2.0","0","3.0","0","1.0","0","2.0","0","1.0","0","3.0","0","1.0","0","3.0","0","1.0","0","2.0","0","1.0","0","2.0","0","2.0","0","3.0","0","1.0","0","2.0","0","1.0","0","3.0","0","1.0","0","3.0","0","1.0","0","4.0","0","1.0","0","4.0","0","1.0","0","4.0","0","1.0","0","3.0","0","1.0","0","7.0","0","1.0","0","26.0","0.06038647","0.0","0","1.0","0","23.0","0.06944444","13.0","0","19.0","0","1.0","0","20.0","0.05140187","1.0","0","40.0","0.02422907","4.0","0","1.0","0","4.0","0","1.0","0","2.0","0","1.0","0","3.0","0","1.0","0","4.0","0","1.0","0","3.0","0","1.0","0","4.0","0","1.0","0","0.0","","0.0","","0.0","","0.0","","0.0","","0.0","","0.0","","0.0","","0.0","","0.0","","0.0","","0.0","","0.0","","0.0","","0.0","","0.0","","0.0","","0.0","","0.0","","0.0","","0.0","","0.0","","0.0","","0.0","","0.0","","0.0"
"6","0.3391740","0.6583229","0.0786308973172988","3.617021276595745","3.0","0","13.0","0.1873536","3.0","0","4.0","0","2.0","0","1.0","0","4.0","0","3.0","0","2.0","0","1.0","0","2.0","0","1.0","0","2.0","0","1.0","0","2.0","0","3.0","0","3.0","0","1.0","0","2.0","0","2.0","0","4.0","0","1.0","0","3.0","0","1.0","0","2.0","0","1.0","0","4.0","0","1.0","0","3.0","0","1.0","0","3.0","0","1.0","0","3.0","0","2.0","0","2.0","0","2.0","0","3.0","0","1.0","0","2.0","0","1.0","0","3.0","0","1.0","0","3.0","0","1.0","0","2.0","0","1.0","0","2.0","0","2.0","0","3.0","0","1.0","0","2.0","0","1.0","0","3.0","0","1.0","0","3.0","0","1.0","0","4.0","0","1.0","0","4.0","0","1.0","0","4.0","0","1.0","0","3.0","0","1.0","0","7.0","0","1.0","0","28.0","0.06884682","0.0","0","1.0","0","25.0","0.07881773","13.0","0","19.0","0","1.0","0","21.0","0.05803571","1.0","0","40.0","0.02461209","4.0","0","1.0","0","4.0","0","1.0","0","2.0","0","1.0","0","3.0","0","1.0","0","4.0","0","1.0","0","3.0","0","1.0","0","4.0","0","1.0","0","2.0","0","1.0","0","3.0","0","1.0","0","0.0","","0.0","","0.0","","0.0","","0.0","","0.0","","0.0","","0.0","","0.0","","0.0","","0.0","","0.0","","0.0","","0.0","","0.0","","0.0","","0.0","","0.0","","0.0","","0.0","","0.0","","0.0"
"7","0.3383621","0.6599617","0.07712765957446809","3.625","3.0","0","14.0","0.195","3.0","0","4.0","0","2.0","0","1.0","0","4.0","0","3.0","0","2.0","0","1.0","0","2.0","0","1.0","0","2.0","0","1.0","0","2.0","0","3.0","0","3.0","0","1.0","0","2.0","0","2.0","0","4.0","0","1.0","0","3.0","0","1.0","0","2.0","0","1.0","0","4.0","0","1.0","0","3.0","0","1.0","0","3.0","0","1.0","0","3.0","0","2.0","0","2.0","0","2.0","0","3.0","0","1.0","0","2.0","0","1.0","0","3.0","0","1.0","0","3.0","0","1.0","0","2.0","0","1.0","0","2.0","0","2.0","0","3.0","0","1.0","0","2.0","0","1.0","0","3.0","0","1.0","0","3.0","0","1.0","0","4.0","0","1.0","0","4.0","0","1.0","0","4.0","0","1.0","0","3.0","0","1.0","0","7.0","0","1.0","0","29.0","0.075","0.0","0","1.0","0","26.0","0.08552632","13.0","0","19.0","0","1.0","0","22.0","0.065","1.0","0","40.0","0.02402280","4.0","0","1.0","0","4.0","0","1.0","0","2.0","0","1.0","0","3.0","0","1.0","0","4.0","0","1.0","0","3.0","0","1.0","0","4.0","0","1.0","0","2.0","0","1.0","0","3.0","0","1.0","0","3.0","0","1.0","0","0.0","","0.0","","0.0","","0.0","","0.0","","0.0","","0.0","","0.0","","0.0","","0.0","","0.0","","0.0","","0.0","","0.0","","0.0","","0.0","","0.0","","0.0","","0.0","","0.0"
"8","0.3383621","0.6599617","0.07712765957446809","3.625","3.0","0","14.0","0.1922597","3.0","0","4.0","0","2.0","0","1.0","0","4.0","0","3.0","0","2.0","0","1.0","0","2.0","0","1.0","0","2.0","0","1.0","0","2.0","0","3.0","0","3.0","0","1.0","0","2.0","0","2.0","0","4.0","0","1.0","0","3.0","0","1.0","0","2.0","0","1.0","0","4.0","0","1.0","0","3.0","0","1.0","0","3.0","0","1.0","0","3.0","0","2.0","0","2.0","0","2.0","0","3.0","0","1.0","0","2.0","0","1.0","0","3.0","0","1.0","0","3.0","0","1.0","0","2.0","0","1.0","0","2.0","0","2.0","0","3.0","0","1.0","0","2.0","0","1.0","0","3.0","0","1.0","0","3.0","0","1.0","0","4.0","0","1.0","0","4.0","0","1.0","0","4.0","0","1.0","0","3.0","0","1.0","0","7.0","0","1.0","0","29.0","0.07638889","0.0","0","1.0","0","26.0","0.08685843","13.0","0","19.0","0","1.0","0","22.0","0.06718346","1.0","0","40.0","0.02305476","4.0","0","1.0","0","4.0","0","1.0","0","2.0","0","1.0","0","3.0","0","1.0","0","4.0","0","1.0","0","3.0","0","1.0","0","4.0","0","1.0","0","2.0","0","1.0","0","3.0","0","1.0","0","3.0","0","1.0","0","0.0","","0.0","","0.0","","0.0","","0.0","","0.0","","0.0","","0.0","","0.0","","0.0","","0.0","","0.0","","0.0","","0.0","","0.0","","0.0","","0.0","","0.0","","0.0","","0.0"
"9","0.3383621","0.6599617","0.07712765957446809","3.625","3.0","0","14.0","0.1854369","3.0","0","4.0","0","2.0","0","1.0","0","4.0","0","3.0","0","2.0","0","1.0","0","2.0","0","1.0","0","2.0","0","1.0","0","2.0","0","3.0","0","3.0","0","1.0","0","2.0","0","2.0","0","4.0","0","1.0","0","3.0","0","1.0","0","2.0","0","1.0","0","4.0","0","1.0","0","3.0","0","1.0","0","3.0","0","1.0","0","3.0","0","2.0","0","2.0","0","2.0","0","3.0","0","1.0","0","2.0","0","1.0","0","3.0","0","1.0","0","3.0","0","1.0","0","2.0","0","1.0","0","2.0","0","2.0","0","3.0","0","1.0","0","2.0","0","1.0","0","3.0","0","1.0","0","3.0","0","1.0","0","4.0","0","1.0","0","4.0","0","1.0","0","4.0","0","1.0","0","3.0","0","1.0","0","7.0","0","1.0","0","29.0","0.07549407","0.0","0","1.0","0","26.0","0.08565022","13.0","0","19.0","0","1.0","0","22.0","0.06701031","1.0","0","40.0","0.02196382","4.0","0","1.0","0","4.0","0","1.0","0","2.0","0","1.0","0","3.0","0","1.0","0","4.0","0","1.0","0","3.0","0","1.0","0","4.0","0","1.0","0","2.0","0","1.0","0","3.0","0","1.0","0","3.0","0","1.0","0","0.0","","0.0","","0.0","","0.0","","0.0","","0.0","","0.0","","0.0","","0.0","","0.0","","0.0","","0.0","","0.0","","0.0","","0.0","","0.0","","0.0","","0.0","","0.0","","0.0"
"10","0.3383621","0.6599617","0.07712765957446809","3.625","3.0","0","14.0","0.1771562","3.0","0","4.0","0","2.0","0","1.0","0","4.0","0","3.0","0","2.0","0","1.0","0","2.0","0","1.0","0","2.0","0","1.0","0","2.0","0","3.0","0","3.0","0","1.0","0","2.0","0","2.0","0","4.0","0","1.0","0","3.0","0","1.0","0","2.0","0","1.0","0","4.0","0","1.0","0","3.0","0","1.0","0","3.0","0","1.0","0","3.0","0","2.0","0","2.0","0","2.0","0","3.0","0","1.0","0","2.0","0","1.0","0","3.0","0","1.0","0","3.0","0","1.0","0","2.0","0","1.0","0","2.0","0","2.0","0","3.0","0","1.0","0","2.0","0","1.0","0","3.0","0","1.0","0","3.0","0","1.0","0","4.0","0","1.0","0","4.0","0","1.0","0","4.0","0","1.0","0","3.0","0","1.0","0","7.0","0","1.0","0","29.0","0.07350097","0.0","0","1.0","0","26.0","0.08324206","13.0","0","19.0","0","1.0","0","22.0","0.06565657","1.0","0","40.0","0.02086438","4.0","0","1.0","0","4.0","0","1.0","0","2.0","0","1.0","0","3.0","0","1.0","0","4.0","0","1.0","0","3.0","0","1.0","0","4.0","0","1.0","0","2.0","0","1.0","0","3.0","0","1.0","0","3.0","0","1.0","0","0.0","","0.0","","0.0","","0.0","","0.0","","0.0","","0.0","","0.0","","0.0","","0.0","","0.0","","0.0","","0.0","","0.0","","0.0","","0.0","","0.0","","0.0","","0.0","","0.0"
"11","0.3381598","0.6633223","0.07610544217687075","3.6530612244897958","3.0","0","15.0","0.1742424","3.0","0","4.0","0","2.0","0","1.0","0","4.0","0","3.0","0","2.0","0","1.0","0","2.0","0","1.0","0","2.0","0","1.0","0","2.0","0","3.0","0","3.0","0","1.0","0","2.0","0","2.0","0","4.0","0","1.0","0","3.0","0","1.0","0","2.0","0","1.0","0","4.0","0","1.0","0","3.0","0","1.0","0","3.0","0","1.0","0","3.0","0","2.0","0","2.0","0","2.0","0","3.0","0","1.0","0","2.0","0","1.0","0","3.0","0","1.0","0","3.0","0","1.0","0","2.0","0","1.0","0","2.0","0","2.0","0","3.0","0","1.0","0","2.0","0","1.0","0","3.0","0","1.0","0","3.0","0","1.0","0","4.0","0","1.0","0","4.0","0","1.0","0","4.0","0","1.0","0","3.0","0","1.0","0","7.0","0","1.0","0","30.0","0.07371795","0.0","0","1.0","0","27.0","0.08333333","13.0","0","19.0","0","1.0","0","23.0","0.06729428","1.0","0","41.0","0.02172365","4.0","0","1.0","0","4.0","0","1.0","0","2.0","0","1.0","0","3.0","0","1.0","0","4.0","0","1.0","0","3.0","0","1.0","0","4.0","0","1.0","0","2.0","0","1.0","0","3.0","0","1.0","0","3.0","0","1.0","0","4.0","0","1.0","0","0.0","","0.0","","0.0","","0.0","","0.0","","0.0","","0.0","","0.0","","0.0","","0.0","","0.0","","0.0","","0.0","","0.0","","0.0","","0.0","","0.0","","0.0"
"12","0.3381598","0.6633223","0.07610544217687075","3.6530612244897958","3.0","0","15.0","0.1695447","3.0","0","4.0","0","2.0","0","1.0","0","4.0","0","3.0","0","2.0","0","1.0","0","2.0","0","1.0","0","2.0","0","1.0","0","2.0","0","3.0","0","3.0","0","1.0","0","2.0","0","2.0","0","4.0","0","1.0","0","3.0","0","1.0","0","2.0","0","1.0","0","4.0","0","1.0","0","3.0","0","1.0","0","3.0","0","1.0","0","3.0","0","2.0","0","2.0","0","2.0","0","3.0","0","1.0","0","2.0","0","1.0","0","3.0","0","1.0","0","3.0","0","1.0","0","2.0","0","1.0","0","2.0","0","2.0","0","3.0","0","1.0","0","2.0","0","1.0","0","3.0","0","1.0","0","3.0","0","1.0","0","4.0","0","1.0","0","4.0","0","1.0","0","4.0","0","1.0","0","3.0","0","1.0","0","7.0","0","1.0","0","30.0","0.07287449","0.0","0","1.0","0","27.0","0.08225438","13.0","0","19.0","0","1.0","0","23.0","0.06752789","1.0","0","41.0","0.02206438","4.0","0","1.0","0","4.0","0","1.0","0","2.0","0","1.0","0","3.0","0","1.0","0","4.0","0","1.0","0","3.0","0","1.0","0","4.0","0","1.0","0","2.0","0","1.0","0","3.0","0","1.0","0","3.0","0","1.0","0","4.0","0","1.0","0","0.0","","0.0","","0.0","","0.0","","0.0","","0.0","","0.0","","0.0","","0.0","","0.0","","0.0","","0.0","","0.0","","0.0","","0.0","","0.0","","0.0","","0.0"
"13","0.3381598","0.6633223","0.07610544217687075","3.6530612244897958","3.0","0","15.0","0.1640212","3.0","0","4.0","0","2.0","0","1.0","0","4.0","0","3.0","0","2.0","0","1.0","0","2.0","0","1.0","0","2.0","0","1.0","0","2.0","0","3.0","0","3.0","0","1.0","0","2.0","0","2.0","0","4.0","0","1.0","0","3.0","0","1.0","0","2.0","0","1.0","0","4.0","0","1.0","0","3.0","0","1.0","0","3.0","0","1.0","0","3.0","0","2.0","0","2.0","0","2.0","0","3.0","0","1.0","0","2.0","0","1.0","0","3.0","0","1.0","0","3.0","0","1.0","0","2.0","0","1.0","0","2.0","0","2.0","0","3.0","0","1.0","0","2.0","0","1.0","0","3.0","0","1.0","0","3.0","0","1.0","0","4.0","0","1.0","0","4.0","0","1.0","0","4.0","0","1.0","0","3.0","0","1.0","0","7.0","0","1.0","0","30.0","0.07142857","0.0","0","1.0","0","27.0","0.08051948","13.0","0","19.0","0","1.0","0","23.0","0.06691729","1.0","0","41.0","0.02207792","4.0","0","1.0","0","4.0","0","1.0","0","2.0","0","1.0","0","3.0","0","1.0","0","4.0","0","1.0","0","3.0","0","1.0","0","4.0","0","1.0","0","2.0","0","1.0","0","3.0","0","1.0","0","3.0","0","1.0","0","4.0","0","1.0","0","0.0","","0.0","","0.0","","0.0","","0.0","","0.0","","0.0","","0.0","","0.0","","0.0","","0.0","","0.0","","0.0","","0.0","","0.0","","0.0","","0.0","","0.0"
"14","0.3384556","0.6677689","0.07039187227866474","3.660377358490566","3.0","0","19.0","0.1753223","3.0","0","4.0","0","2.0","0","1.0","0","4.0","0","3.0","0","2.0","0","1.0","0","2.0","0","1.0","0","2.0","0","1.0","0","2.0","0","3.0","0","3.0","0","1.0","0","2.0","0","2.0","0","4.0","0","1.0","0","3.0","0","1.0","0","2.0","0","1.0","0","4.0","0","1.0","0","3.0","0","1.0","0","3.0","0","1.0","0","3.0","0","2.0","0","2.0","0","2.0","0","3.0","0","1.0","0","2.0","0","1.0","0","3.0","0","1.0","0","3.0","0","1.0","0","2.0","0","1.0","0","2.0","0","2.0","0","3.0","0","1.0","0","2.0","0","1.0","0","3.0","0","1.0","0","3.0","0","1.0","0","4.0","0","1.0","0","4.0","0","1.0","0","4.0","0","1.0","0","3.0","0","1.0","0","7.0","0","1.0","0","34.0","0.07816092","0.0","0","1.0","0","31.0","0.08790397","13.0","0","19.0","0","1.0","0","26.0","0.07416935","1.0","0","41.0","0.02188381","4.0","0","1.0","0","4.0","0","1.0","0","2.0","0","1.0","0","3.0","0","1.0","0","4.0","0","1.0","0","3.0","0","1.0","0","4.0","0","1.0","0","2.0","0","1.0","0","3.0","0","1.0","0","3.0","0","1.0","0","4.0","0","1.0","0","2.0","0","1.0","0","3.0","0","1.0","0","3.0","0","1.0","0","3.0","0","1.0","0","0.0","","0.0","","0.0","","0.0","","0.0","","0.0","","0.0","","0.0","","0.0","","0.0"
"15","0.3384556","0.6677689","0.07039187227866474","3.660377358490566","3.0","0","19.0","0.18125","3.0","0","4.0","0","2.0","0","1.0","0","4.0","0","3.0","0","2.0","0","1.0","0","2.0","0","1.0","0","2.0","0","1.0","0","2.0","0","3.0","0","3.0","0","1.0","0","2.0","0","2.0","0","4.0","0","1.0","0","3.0","0","1.0","0","2.0","0","1.0","0","4.0","0","1.0","0","3.0","0","1.0","0","3.0","0","1.0","0","3.0","0","2.0","0","2.0","0","2.0","0","3.0","0","1.0","0","2.0","0","1.0","0","3.0","0","1.0","0","3.0","0","1.0","0","2.0","0","1.0","0","2.0","0","2.0","0","3.0","0","1.0","0","2.0","0","1.0","0","3.0","0","1.0","0","3.0","0","1.0","0","4.0","0","1.0","0","4.0","0","1.0","0","4.0","0","1.0","0","3.0","0","1.0","0","7.0","0","1.0","0","34.0","0.08238636","0.0","0","1.0","0","31.0","0.09247449","13.0","0","19.0","0","1.0","0","26.0","0.07882047","1.0","0","41.0","0.02155854","4.0","0","1.0","0","4.0","0","1.0","0","2.0","0","1.0","0","3.0","0","1.0","0","4.0","0","1.0","0","3.0","0","1.0","0","4.0","0","1.0","0","2.0","0","1.0","0","3.0","0","1.0","0","3.0","0","1.0","0","4.0","0","1.0","0","2.0","0","1.0","0","3.0","0","1.0","0","3.0","0","1.0","0","3.0","0","1.0","0","0.0","","0.0","","0.0","","0.0","","0.0","","0.0","","0.0","","0.0","","0.0","","0.0"
"16","0.3384556","0.6677689","0.07039187227866474","3.660377358490566","3.0","0","19.0","0.1837228","3.0","0","4.0","0","2.0","0","1.0","0","4.0","0","3.0","0","2.0","0","1.0","0","2.0","0","1.0","0","2.0","0","1.0","0","2.0","0","3.0","0","3.0","0","1.0","0","2.0","0","2.0","0","4.0","0","1.0","0","3.0","0","1.0","0","2.0","0","1.0","0","4.0","0","1.0","0","3.0","0","1.0","0","3.0","0","1.0","0","3.0","0","2.0","0","2.0","0","2.0","0","3.0","0","1.0","0","2.0","0","1.0","0","3.0","0","1.0","0","3.0","0","1.0","0","2.0","0","1.0","0","2.0","0","2.0","0","3.0","0","1.0","0","2.0","0","1.0","0","3.0","0","1.0","0","3.0","0","1.0","0","4.0","0","1.0","0","4.0","0","1.0","0","4.0","0","1.0","0","3.0","0","1.0","0","7.0","0","1.0","0","34.0","0.08488459","0.0","0","1.0","0","31.0","0.09511890","13.0","0","19.0","0","1.0","0","26.0","0.08167234","1.0","0","41.0","0.02115200","4.0","0","1.0","0","4.0","0","1.0","0","2.0","0","1.0","0","3.0","0","1.0","0","4.0","0","1.0","0","3.0","0","1.0","0","4.0","0","1.0","0","2.0","0","1.0","0","3.0","0","1.0","0","3.0","0","1.0","0","4.0","0","1.0","0","2.0","0","1.0","0","3.0","0","1.0","0","3.0","0","1.0","0","3.0","0","1.0","0","0.0","","0.0","","0.0","","0.0","","0.0","","0.0","","0.0","","0.0","","0.0","","0.0"
"17","0.3384556","0.6677689","0.07039187227866474","3.660377358490566","3.0","0","19.0","0.1839402","3.0","0","4.0","0","2.0","0","1.0","0","4.0","0","3.0","0","2.0","0","1.0","0","2.0","0","1.0","0","2.0","0","1.0","0","2.0","0","3.0","0","3.0","0","1.0","0","2.0","0","2.0","0","4.0","0","1.0","0","3.0","0","1.0","0","2.0","0","1.0","0","4.0","0","1.0","0","3.0","0","1.0","0","3.0","0","1.0","0","3.0","0","2.0","0","2.0","0","2.0","0","3.0","0","1.0","0","2.0","0","1.0","0","3.0","0","1.0","0","3.0","0","1.0","0","2.0","0","1.0","0","2.0","0","2.0","0","3.0","0","1.0","0","2.0","0","1.0","0","3.0","0","1.0","0","3.0","0","1.0","0","4.0","0","1.0","0","4.0","0","1.0","0","4.0","0","1.0","0","3.0","0","1.0","0","7.0","0","1.0","0","34.0","0.08617673","0.0","0","1.0","0","31.0","0.09642682","13.0","0","19.0","0","1.0","0","26.0","0.08326193","1.0","0","41.0","0.02069717","4.0","0","1.0","0","4.0","0","1.0","0","2.0","0","1.0","0","3.0","0","1.0","0","4.0","0","1.0","0","3.0","0","1.0","0","4.0","0","1.0","0","2.0","0","1.0","0","3.0","0","1.0","0","3.0","0","1.0","0","4.0","0","1.0","0","2.0","0","1.0","0","3.0","0","1.0","0","3.0","0","1.0","0","3.0","0","1.0","0","0.0","","0.0","","0.0","","0.0","","0.0","","0.0","","0.0","","0.0","","0.0","","0.0"
"18","0.3376356","0.6696596","0.06918238993710692","3.6666666666666665","3.0","0","20.0","0.1856385","3.0","0","4.0","0","2.0","0","1.0","0","4.0","0","3.0","0","2.0","0","1.0","0","2.0","0","1.0","0","2.0","0","1.0","0","2.0","0","3.0","0","3.0","0","1.0","0","2.0","0","2.0","0","4.0","0","1.0","0","3.0","0","1.0","0","2.0","0","1.0","0","4.0","0","1.0","0","3.0","0","1.0","0","3.0","0","1.0","0","3.0","0","2.0","0","2.0","0","2.0","0","3.0","0","1.0","0","2.0","0","1.0","0","3.0","0","1.0","0","3.0","0","1.0","0","2.0","0","1.0","0","2.0","0","2.0","0","3.0","0","1.0","0","2.0","0","1.0","0","3.0","0","1.0","0","3.0","0","1.0","0","4.0","0","1.0","0","4.0","0","1.0","0","4.0","0","1.0","0","3.0","0","1.0","0","7.0","0","1.0","0","35.0","0.08820394","0.0","0","1.0","0","32.0","0.09854884","13.0","0","19.0","0","1.0","0","26.0","0.08395688","1.0","0","42.0","0.02144250","4.0","0","1.0","0","4.0","0","1.0","0","2.0","0","1.0","0","3.0","0","1.0","0","4.0","0","1.0","0","3.0","0","1.0","0","4.0","0","1.0","0","2.0","0","1.0","0","3.0","0","1.0","0","3.0","0","1.0","0","4.0","0","1.0","0","2.0","0","1.0","0","3.0","0","1.0","0","3.0","0","1.0","0","3.0","0","1.0","0","3.0","0","1.0","0","0.0","","0.0","","0.0","","0.0","","0.0","","0.0","","0.0","","0.0"
"19","0.3366977","0.6739993","0.0672077922077922","3.6964285714285716","3.0","0","22.0","0.1910714","3.0","0","4.0","0","2.0","0","1.0","0","4.0","0","3.0","0","2.0","0","1.0","0","2.0","0","1.0","0","2.0","0","1.0","0","2.0","0","3.0","0","3.0","0","1.0","0","2.0","0","2.0","0","4.0","0","1.0","0","3.0","0","1.0","0","2.0","0","1.0","0","4.0","0","1.0","0","3.0","0","1.0","0","3.0","0","1.0","0","3.0","0","2.0","0","2.0","0","2.0","0","3.0","0","1.0","0","2.0","0","1.0","0","3.0","0","1.0","0","3.0","0","1.0","0","2.0","0","1.0","0","2.0","0","2.0","0","3.0","0","1.0","0","2.0","0","1.0","0","3.0","0","1.0","0","3.0","0","1.0","0","4.0","0","1.0","0","4.0","0","1.0","0","4.0","0","1.0","0","3.0","0","1.0","0","7.0","0","1.0","0","37.0","0.09224138","0.0","0","1.0","0","34.0","0.1028846","13.0","0","19.0","0","1.0","0","28.0","0.08792325","1.0","0","43.0","0.02309136","4.0","0","1.0","0","4.0","0","1.0","0","2.0","0","1.0","0","3.0","0","1.0","0","4.0","0","1.0","0","3.0","0","1.0","0","4.0","0","1.0","0","2.0","0","1.0","0","3.0","0","1.0","0","3.0","0","1.0","0","4.0","0","1.0","0","2.0","0","1.0","0","3.0","0","1.0","0","3.0","0","1.0","0","3.0","0","1.0","0","3.0","0","1.0","0","3.0","0","1.0","0","4.0","0","1.0","0","0.0","","0.0","","0.0","","0.0"
"20","0.3389735","0.6769046","0.06503327283726558","3.706896551724138","3.0","0","24.0","0.1989348","3.0","0","4.0","0","2.0","0","1.0","0","4.0","0","3.0","0","2.0","0","1.0","0","2.0","0","1.0","0","2.0","0","1.0","0","2.0","0","3.0","0","3.0","0","1.0","0","2.0","0","2.0","0","4.0","0","1.0","0","3.0","0","1.0","0","2.0","0","1.0","0","4.0","0","1.0","0","3.0","0","1.0","0","3.0","0","1.0","0","3.0","0","2.0","0","2.0","0","2.0","0","3.0","0","1.0","0","2.0","0","1.0","0","3.0","0","1.0","0","3.0","0","1.0","0","2.0","0","1.0","0","2.0","0","2.0","0","3.0","0","1.0","0","2.0","0","1.0","0","3.0","0","1.0","0","3.0","0","1.0","0","4.0","0","1.0","0","4.0","0","1.0","0","4.0","0","1.0","0","3.0","0","1.0","0","7.0","0","1.0","0","39.0","0.09769982","0.0","0","1.0","0","36.0","0.1087701","13.0","0","19.0","0","1.0","0","29.0","0.09241324","1.0","0","44.0","0.02541942","4.0","0","1.0","0","4.0","0","1.0","0","2.0","0","1.0","0","3.0","0","1.0","0","4.0","0","1.0","0","3.0","0","1.0","0","4.0","0","1.0","0","2.0","0","1.0","0","3.0","0","1.0","0","3.0","0","1.0","0","4.0","0","1.0","0","2.0","0","1.0","0","3.0","0","1.0","0","3.0","0","1.0","0","3.0","0","1.0","0","3.0","0","1.0","0","3.0","0","1.0","0","4.0","0","1.0","0","4.0","0","1.0","0","2.0","0","1.0","0"
