"release","RD1-ADS","RD1-AIS","RD1-ACS","RD1-RCS","RD1-RIS","RD2-ADS","RD2-AIS","RD2-ACS","RD2-RCS","RD2-RIS","RD3-ADS","RD3-AIS","RD3-ACS","RD3-RCS","RD3-RIS","RD4-ADS","RD4-AIS","RD4-ACS","RD4-RCS","RD4-RIS","RD5-ADS","RD5-AIS","RD5-ACS","RD5-RCS","RD5-RIS","RD6-ADS","RD6-AIS","RD6-ACS","RD6-RCS","RD6-RIS","RD7-ADS","RD7-AIS","RD7-ACS","RD7-RCS","RD7-RIS","RD8-ADS","RD8-AIS","RD8-ACS","RD8-RCS","RD8-RIS","RD9-ADS","RD9-AIS","RD9-ACS","RD9-RCS","RD9-RIS","RD10-ADS","RD10-AIS","RD10-ACS","RD10-RCS","RD10-RIS","RD11-ADS","RD11-AIS","RD11-ACS","RD11-RCS","RD11-RIS","RD12-ADS","RD12-AIS","RD12-ACS","RD12-RCS","RD12-RIS","RD13-ADS","RD13-AIS","RD13-ACS","RD13-RCS","RD13-RIS","RD14-ADS","RD14-AIS","RD14-ACS","RD14-RCS","RD14-RIS","RD15-ADS","RD15-AIS","RD15-ACS","RD15-RCS","RD15-RIS","RD16-ADS","RD16-AIS","RD16-ACS","RD16-RCS","RD16-RIS","RD17-ADS","RD17-AIS","RD17-ACS","RD17-RCS","RD17-RIS","RD18-ADS","RD18-AIS","RD18-ACS","RD18-RCS","RD18-RIS","RD19-ADS","RD19-AIS","RD19-ACS","RD19-RCS","RD19-RIS","RD20-ADS","RD20-AIS","RD20-ACS","RD20-RCS","RD20-RIS","RD21-ADS","RD21-AIS","RD21-ACS","RD21-RCS","RD21-RIS","RD22-ADS","RD22-AIS","RD22-ACS","RD22-RCS","RD22-RIS","RD23-ADS","RD23-AIS","RD23-ACS","RD23-RCS","RD23-RIS","RD24-ADS","RD24-AIS","RD24-ACS","RD24-RCS","RD24-RIS","RD25-ADS","RD25-AIS","RD25-ACS","RD25-RCS","RD25-RIS","RD26-ADS","RD26-AIS","RD26-ACS","RD26-RCS","RD26-RIS","RD27-ADS","RD27-AIS","RD27-ACS","RD27-RCS","RD27-RIS","RD28-ADS","RD28-AIS","RD28-ACS","RD28-RCS","RD28-RIS","RD29-ADS","RD29-AIS","RD29-ACS","RD29-RCS","RD29-RIS","RD30-ADS","RD30-AIS","RD30-ACS","RD30-RCS","RD30-RIS","RD31-ADS","RD31-AIS","RD31-ACS","RD31-RCS","RD31-RIS","RD32-ADS","RD32-AIS","RD32-ACS","RD32-RCS","RD32-RIS","RD33-ADS","RD33-AIS","RD33-ACS","RD33-RCS","RD33-RIS","RD34-ADS","RD34-AIS","RD34-ACS","RD34-RCS","RD34-RIS","RD35-ADS","RD35-AIS","RD35-ACS","RD35-RCS","RD35-RIS","RD36-ADS","RD36-AIS","RD36-ACS","RD36-RCS","RD36-RIS","RD37-ADS","RD37-AIS","RD37-ACS","RD37-RCS","RD37-RIS","RD38-ADS","RD38-AIS","RD38-ACS","RD38-RCS","RD38-RIS","RD39-ADS","RD39-AIS","RD39-ACS","RD39-RCS","RD39-RIS","RD40-ADS","RD40-AIS","RD40-ACS","RD40-RCS","RD40-RIS","CPS1-ADS","CPS1-AIS","CPS1-ACS","CPS1-RCS","CPS1-RIS","CPS2-ADS","CPS2-AIS","CPS2-ACS","CPS2-RCS","CPS2-RIS","CPS3-ADS","CPS3-AIS","CPS3-ACS","CPS3-RCS","CPS3-RIS","GTW-ADS","GTW-AIS","GTW-ACS","GTW-RCS","GTW-RIS","REG-ADS","REG-AIS","REG-ACS","REG-RCS","REG-RIS","MSB-ADS","MSB-AIS","MSB-ACS","MSB-RCS","MSB-RIS","CFG-ADS","CFG-AIS","CFG-ACS","CFG-RCS","CFG-RIS","MSV1-ADS","MSV1-AIS","MSV1-ACS","MSV1-RCS","MSV1-RIS"
"1","3.0","1.0","3.0","0.06382978723404255","0.02127659574468085","6.0","2.0","12.0","0.1276595744680851","0.0425531914893617","3.0","1.0","3.0","0.06382978723404255","0.02127659574468085","2.0","2.0","4.0","0.0425531914893617","0.0425531914893617","2.0","3.0","6.0","0.0425531914893617","0.06382978723404255","6.0","2.0","12.0","0.1276595744680851","0.0425531914893617","2.0","1.0","2.0","0.0425531914893617","0.02127659574468085","5.0","2.0","10.0","0.10638297872340426","0.0425531914893617","3.0","2.0","6.0","0.06382978723404255","0.0425531914893617","6.0","1.0","6.0","0.1276595744680851","0.02127659574468085","2.0","33.0","66.0","0.0425531914893617","0.7021276595744681","2.0","1.0","2.0","0.0425531914893617","0.02127659574468085","2.0","1.0","2.0","0.0425531914893617","0.02127659574468085","4.0","2.0","8.0","0.0851063829787234","0.0425531914893617","2.0","2.0","4.0","0.0425531914893617","0.0425531914893617","2.0","1.0","2.0","0.0425531914893617","0.02127659574468085","3.0","1.0","3.0","0.06382978723404255","0.02127659574468085","3.0","2.0","6.0","0.06382978723404255","0.0425531914893617","1.0","3.0","3.0","0.02127659574468085","0.06382978723404255","6.0","2.0","12.0","0.1276595744680851","0.0425531914893617","2.0","2.0","4.0","0.0425531914893617","0.0425531914893617","2.0","1.0","2.0","0.0425531914893617","0.02127659574468085","2.0","1.0","2.0","0.0425531914893617","0.02127659574468085","2.0","4.0","8.0","0.0425531914893617","0.0851063829787234","2.0","3.0","6.0","0.0425531914893617","0.06382978723404255","2.0","1.0","2.0","0.0425531914893617","0.02127659574468085","2.0","1.0","2.0","0.0425531914893617","0.02127659574468085","3.0","2.0","6.0","0.06382978723404255","0.0425531914893617","3.0","2.0","6.0","0.06382978723404255","0.0425531914893617","2.0","2.0","4.0","0.0425531914893617","0.0425531914893617","2.0","1.0","2.0","0.0425531914893617","0.02127659574468085","4.0","1.0","4.0","0.0851063829787234","0.02127659574468085","2.0","1.0","2.0","0.0425531914893617","0.02127659574468085","3.0","3.0","9.0","0.06382978723404255","0.06382978723404255","3.0","3.0","9.0","0.06382978723404255","0.06382978723404255","2.0","1.0","2.0","0.0425531914893617","0.02127659574468085","1.0","1.0","1.0","0.02127659574468085","0.02127659574468085","2.0","1.0","2.0","0.0425531914893617","0.02127659574468085","3.0","1.0","3.0","0.06382978723404255","0.02127659574468085","3.0","2.0","6.0","0.06382978723404255","0.0425531914893617","4.0","1.0","4.0","0.0851063829787234","0.02127659574468085","1.0","1.0","1.0","0.02127659574468085","0.02127659574468085","3.0","1.0","3.0","0.06382978723404255","0.02127659574468085","3.0","0.0","0.0","0.06382978723404255","0.0","1.0","17.0","17.0","0.02127659574468085","0.3617021276595745","41.0","27.0","1107.0","0.8723404255319149","0.574468085106383","0.0","19.0","0.0","0.0","0.40425531914893614","0.0","0.0","0.0","0.0","0.0"
"2","3.0","1.0","3.0","0.06382978723404255","0.02127659574468085","6.0","2.0","12.0","0.1276595744680851","0.0425531914893617","3.0","1.0","3.0","0.06382978723404255","0.02127659574468085","2.0","2.0","4.0","0.0425531914893617","0.0425531914893617","2.0","3.0","6.0","0.0425531914893617","0.06382978723404255","6.0","2.0","12.0","0.1276595744680851","0.0425531914893617","2.0","1.0","2.0","0.0425531914893617","0.02127659574468085","5.0","2.0","10.0","0.10638297872340426","0.0425531914893617","3.0","2.0","6.0","0.06382978723404255","0.0425531914893617","6.0","1.0","6.0","0.1276595744680851","0.02127659574468085","2.0","33.0","66.0","0.0425531914893617","0.7021276595744681","2.0","1.0","2.0","0.0425531914893617","0.02127659574468085","2.0","1.0","2.0","0.0425531914893617","0.02127659574468085","4.0","2.0","8.0","0.0851063829787234","0.0425531914893617","2.0","2.0","4.0","0.0425531914893617","0.0425531914893617","2.0","1.0","2.0","0.0425531914893617","0.02127659574468085","3.0","1.0","3.0","0.06382978723404255","0.02127659574468085","3.0","2.0","6.0","0.06382978723404255","0.0425531914893617","1.0","3.0","3.0","0.02127659574468085","0.06382978723404255","6.0","2.0","12.0","0.1276595744680851","0.0425531914893617","2.0","2.0","4.0","0.0425531914893617","0.0425531914893617","2.0","1.0","2.0","0.0425531914893617","0.02127659574468085","2.0","1.0","2.0","0.0425531914893617","0.02127659574468085","2.0","4.0","8.0","0.0425531914893617","0.0851063829787234","2.0","3.0","6.0","0.0425531914893617","0.06382978723404255","2.0","1.0","2.0","0.0425531914893617","0.02127659574468085","2.0","1.0","2.0","0.0425531914893617","0.02127659574468085","3.0","2.0","6.0","0.06382978723404255","0.0425531914893617","3.0","2.0","6.0","0.06382978723404255","0.0425531914893617","2.0","2.0","4.0","0.0425531914893617","0.0425531914893617","2.0","1.0","2.0","0.0425531914893617","0.02127659574468085","4.0","1.0","4.0","0.0851063829787234","0.02127659574468085","2.0","1.0","2.0","0.0425531914893617","0.02127659574468085","3.0","3.0","9.0","0.06382978723404255","0.06382978723404255","3.0","3.0","9.0","0.06382978723404255","0.06382978723404255","2.0","1.0","2.0","0.0425531914893617","0.02127659574468085","1.0","1.0","1.0","0.02127659574468085","0.02127659574468085","2.0","1.0","2.0","0.0425531914893617","0.02127659574468085","3.0","1.0","3.0","0.06382978723404255","0.02127659574468085","3.0","2.0","6.0","0.06382978723404255","0.0425531914893617","4.0","1.0","4.0","0.0851063829787234","0.02127659574468085","1.0","1.0","1.0","0.02127659574468085","0.02127659574468085","3.0","1.0","3.0","0.06382978723404255","0.02127659574468085","3.0","0.0","0.0","0.06382978723404255","0.0","1.0","17.0","17.0","0.02127659574468085","0.3617021276595745","41.0","27.0","1107.0","0.8723404255319149","0.574468085106383","0.0","19.0","0.0","0.0","0.40425531914893614","0.0","0.0","0.0","0.0","0.0"
"3","3.0","1.0","3.0","0.06382978723404255","0.02127659574468085","6.0","2.0","12.0","0.1276595744680851","0.0425531914893617","3.0","1.0","3.0","0.06382978723404255","0.02127659574468085","2.0","2.0","4.0","0.0425531914893617","0.0425531914893617","2.0","3.0","6.0","0.0425531914893617","0.06382978723404255","6.0","2.0","12.0","0.1276595744680851","0.0425531914893617","2.0","1.0","2.0","0.0425531914893617","0.02127659574468085","5.0","2.0","10.0","0.10638297872340426","0.0425531914893617","3.0","2.0","6.0","0.06382978723404255","0.0425531914893617","6.0","1.0","6.0","0.1276595744680851","0.02127659574468085","2.0","33.0","66.0","0.0425531914893617","0.7021276595744681","2.0","1.0","2.0","0.0425531914893617","0.02127659574468085","2.0","1.0","2.0","0.0425531914893617","0.02127659574468085","4.0","2.0","8.0","0.0851063829787234","0.0425531914893617","2.0","2.0","4.0","0.0425531914893617","0.0425531914893617","2.0","1.0","2.0","0.0425531914893617","0.02127659574468085","3.0","1.0","3.0","0.06382978723404255","0.02127659574468085","3.0","2.0","6.0","0.06382978723404255","0.0425531914893617","1.0","3.0","3.0","0.02127659574468085","0.06382978723404255","6.0","2.0","12.0","0.1276595744680851","0.0425531914893617","2.0","2.0","4.0","0.0425531914893617","0.0425531914893617","2.0","1.0","2.0","0.0425531914893617","0.02127659574468085","2.0","1.0","2.0","0.0425531914893617","0.02127659574468085","2.0","4.0","8.0","0.0425531914893617","0.0851063829787234","2.0","3.0","6.0","0.0425531914893617","0.06382978723404255","2.0","1.0","2.0","0.0425531914893617","0.02127659574468085","2.0","1.0","2.0","0.0425531914893617","0.02127659574468085","3.0","2.0","6.0","0.06382978723404255","0.0425531914893617","3.0","2.0","6.0","0.06382978723404255","0.0425531914893617","2.0","2.0","4.0","0.0425531914893617","0.0425531914893617","2.0","1.0","2.0","0.0425531914893617","0.02127659574468085","4.0","1.0","4.0","0.0851063829787234","0.02127659574468085","2.0","1.0","2.0","0.0425531914893617","0.02127659574468085","3.0","3.0","9.0","0.06382978723404255","0.06382978723404255","3.0","3.0","9.0","0.06382978723404255","0.06382978723404255","2.0","1.0","2.0","0.0425531914893617","0.02127659574468085","1.0","1.0","1.0","0.02127659574468085","0.02127659574468085","2.0","1.0","2.0","0.0425531914893617","0.02127659574468085","3.0","1.0","3.0","0.06382978723404255","0.02127659574468085","3.0","2.0","6.0","0.06382978723404255","0.0425531914893617","4.0","1.0","4.0","0.0851063829787234","0.02127659574468085","1.0","1.0","1.0","0.02127659574468085","0.02127659574468085","3.0","1.0","3.0","0.06382978723404255","0.02127659574468085","3.0","0.0","0.0","0.06382978723404255","0.0","1.0","17.0","17.0","0.02127659574468085","0.3617021276595745","41.0","27.0","1107.0","0.8723404255319149","0.574468085106383","0.0","19.0","0.0","0.0","0.40425531914893614","0.0","0.0","0.0","0.0","0.0"
"4","3.0","1.0","3.0","0.0625","0.020833333333333332","6.0","2.0","12.0","0.125","0.041666666666666664","3.0","1.0","3.0","0.0625","0.020833333333333332","2.0","2.0","4.0","0.041666666666666664","0.041666666666666664","2.0","3.0","6.0","0.041666666666666664","0.0625","6.0","2.0","12.0","0.125","0.041666666666666664","2.0","1.0","2.0","0.041666666666666664","0.020833333333333332","5.0","2.0","10.0","0.10416666666666667","0.041666666666666664","3.0","2.0","6.0","0.0625","0.041666666666666664","6.0","1.0","6.0","0.125","0.020833333333333332","2.0","17.0","34.0","0.041666666666666664","0.3541666666666667","2.0","1.0","2.0","0.041666666666666664","0.020833333333333332","2.0","1.0","2.0","0.041666666666666664","0.020833333333333332","4.0","2.0","8.0","0.08333333333333333","0.041666666666666664","2.0","2.0","4.0","0.041666666666666664","0.041666666666666664","2.0","1.0","2.0","0.041666666666666664","0.020833333333333332","3.0","1.0","3.0","0.0625","0.020833333333333332","3.0","2.0","6.0","0.0625","0.041666666666666664","1.0","3.0","3.0","0.020833333333333332","0.0625","6.0","2.0","12.0","0.125","0.041666666666666664","2.0","2.0","4.0","0.041666666666666664","0.041666666666666664","2.0","1.0","2.0","0.041666666666666664","0.020833333333333332","2.0","1.0","2.0","0.041666666666666664","0.020833333333333332","2.0","4.0","8.0","0.041666666666666664","0.08333333333333333","2.0","3.0","6.0","0.041666666666666664","0.0625","2.0","1.0","2.0","0.041666666666666664","0.020833333333333332","2.0","1.0","2.0","0.041666666666666664","0.020833333333333332","3.0","2.0","6.0","0.0625","0.041666666666666664","3.0","2.0","6.0","0.0625","0.041666666666666664","2.0","2.0","4.0","0.041666666666666664","0.041666666666666664","2.0","1.0","2.0","0.041666666666666664","0.020833333333333332","4.0","1.0","4.0","0.08333333333333333","0.020833333333333332","2.0","1.0","2.0","0.041666666666666664","0.020833333333333332","3.0","3.0","9.0","0.0625","0.0625","3.0","3.0","9.0","0.0625","0.0625","2.0","1.0","2.0","0.041666666666666664","0.020833333333333332","1.0","1.0","1.0","0.020833333333333332","0.020833333333333332","2.0","1.0","2.0","0.041666666666666664","0.020833333333333332","3.0","1.0","3.0","0.0625","0.020833333333333332","3.0","2.0","6.0","0.0625","0.041666666666666664","4.0","1.0","4.0","0.08333333333333333","0.020833333333333332","1.0","1.0","1.0","0.020833333333333332","0.020833333333333332","3.0","1.0","3.0","0.0625","0.020833333333333332","3.0","0.0","0.0","0.0625","0.0","1.0","18.0","18.0","0.020833333333333332","0.375","41.0","27.0","1107.0","0.8541666666666666","0.5625","0.0","20.0","0.0","0.0","0.4166666666666667","2.0","16.0","32.0","0.041666666666666664","0.3333333333333333"
"5","3.0","1.0","3.0","0.0625","0.020833333333333332","6.0","2.0","12.0","0.125","0.041666666666666664","3.0","1.0","3.0","0.0625","0.020833333333333332","2.0","2.0","4.0","0.041666666666666664","0.041666666666666664","2.0","3.0","6.0","0.041666666666666664","0.0625","6.0","2.0","12.0","0.125","0.041666666666666664","2.0","1.0","2.0","0.041666666666666664","0.020833333333333332","5.0","2.0","10.0","0.10416666666666667","0.041666666666666664","3.0","2.0","6.0","0.0625","0.041666666666666664","6.0","1.0","6.0","0.125","0.020833333333333332","2.0","17.0","34.0","0.041666666666666664","0.3541666666666667","2.0","1.0","2.0","0.041666666666666664","0.020833333333333332","2.0","1.0","2.0","0.041666666666666664","0.020833333333333332","4.0","2.0","8.0","0.08333333333333333","0.041666666666666664","2.0","2.0","4.0","0.041666666666666664","0.041666666666666664","2.0","1.0","2.0","0.041666666666666664","0.020833333333333332","3.0","1.0","3.0","0.0625","0.020833333333333332","3.0","2.0","6.0","0.0625","0.041666666666666664","1.0","3.0","3.0","0.020833333333333332","0.0625","6.0","2.0","12.0","0.125","0.041666666666666664","2.0","2.0","4.0","0.041666666666666664","0.041666666666666664","2.0","1.0","2.0","0.041666666666666664","0.020833333333333332","2.0","1.0","2.0","0.041666666666666664","0.020833333333333332","2.0","4.0","8.0","0.041666666666666664","0.08333333333333333","2.0","3.0","6.0","0.041666666666666664","0.0625","2.0","1.0","2.0","0.041666666666666664","0.020833333333333332","2.0","1.0","2.0","0.041666666666666664","0.020833333333333332","3.0","2.0","6.0","0.0625","0.041666666666666664","3.0","2.0","6.0","0.0625","0.041666666666666664","2.0","2.0","4.0","0.041666666666666664","0.041666666666666664","2.0","1.0","2.0","0.041666666666666664","0.020833333333333332","4.0","1.0","4.0","0.08333333333333333","0.020833333333333332","2.0","1.0","2.0","0.041666666666666664","0.020833333333333332","3.0","3.0","9.0","0.0625","0.0625","3.0","3.0","9.0","0.0625","0.0625","2.0","1.0","2.0","0.041666666666666664","0.020833333333333332","1.0","1.0","1.0","0.020833333333333332","0.020833333333333332","2.0","1.0","2.0","0.041666666666666664","0.020833333333333332","3.0","1.0","3.0","0.0625","0.020833333333333332","3.0","2.0","6.0","0.0625","0.041666666666666664","4.0","1.0","4.0","0.08333333333333333","0.020833333333333332","1.0","1.0","1.0","0.020833333333333332","0.020833333333333332","3.0","1.0","3.0","0.0625","0.020833333333333332","3.0","0.0","0.0","0.0625","0.0","1.0","18.0","18.0","0.020833333333333332","0.375","41.0","27.0","1107.0","0.8541666666666666","0.5625","0.0","20.0","0.0","0.0","0.4166666666666667","2.0","16.0","32.0","0.041666666666666664","0.3333333333333333"
"6","3.0","1.0","3.0","0.0625","0.020833333333333332","6.0","2.0","12.0","0.125","0.041666666666666664","3.0","1.0","3.0","0.0625","0.020833333333333332","2.0","2.0","4.0","0.041666666666666664","0.041666666666666664","2.0","3.0","6.0","0.041666666666666664","0.0625","6.0","2.0","12.0","0.125","0.041666666666666664","2.0","1.0","2.0","0.041666666666666664","0.020833333333333332","5.0","2.0","10.0","0.10416666666666667","0.041666666666666664","3.0","2.0","6.0","0.0625","0.041666666666666664","6.0","1.0","6.0","0.125","0.020833333333333332","2.0","17.0","34.0","0.041666666666666664","0.3541666666666667","2.0","1.0","2.0","0.041666666666666664","0.020833333333333332","2.0","1.0","2.0","0.041666666666666664","0.020833333333333332","4.0","2.0","8.0","0.08333333333333333","0.041666666666666664","2.0","2.0","4.0","0.041666666666666664","0.041666666666666664","2.0","1.0","2.0","0.041666666666666664","0.020833333333333332","3.0","1.0","3.0","0.0625","0.020833333333333332","3.0","2.0","6.0","0.0625","0.041666666666666664","1.0","3.0","3.0","0.020833333333333332","0.0625","6.0","2.0","12.0","0.125","0.041666666666666664","2.0","2.0","4.0","0.041666666666666664","0.041666666666666664","2.0","1.0","2.0","0.041666666666666664","0.020833333333333332","2.0","1.0","2.0","0.041666666666666664","0.020833333333333332","2.0","4.0","8.0","0.041666666666666664","0.08333333333333333","2.0","3.0","6.0","0.041666666666666664","0.0625","2.0","1.0","2.0","0.041666666666666664","0.020833333333333332","2.0","1.0","2.0","0.041666666666666664","0.020833333333333332","3.0","2.0","6.0","0.0625","0.041666666666666664","3.0","2.0","6.0","0.0625","0.041666666666666664","2.0","2.0","4.0","0.041666666666666664","0.041666666666666664","2.0","1.0","2.0","0.041666666666666664","0.020833333333333332","4.0","1.0","4.0","0.08333333333333333","0.020833333333333332","2.0","1.0","2.0","0.041666666666666664","0.020833333333333332","3.0","3.0","9.0","0.0625","0.0625","3.0","3.0","9.0","0.0625","0.0625","2.0","1.0","2.0","0.041666666666666664","0.020833333333333332","1.0","1.0","1.0","0.020833333333333332","0.020833333333333332","2.0","1.0","2.0","0.041666666666666664","0.020833333333333332","3.0","1.0","3.0","0.0625","0.020833333333333332","3.0","2.0","6.0","0.0625","0.041666666666666664","4.0","1.0","4.0","0.08333333333333333","0.020833333333333332","1.0","1.0","1.0","0.020833333333333332","0.020833333333333332","3.0","1.0","3.0","0.0625","0.020833333333333332","3.0","0.0","0.0","0.0625","0.0","1.0","18.0","18.0","0.020833333333333332","0.375","41.0","27.0","1107.0","0.8541666666666666","0.5625","0.0","20.0","0.0","0.0","0.4166666666666667","2.0","16.0","32.0","0.041666666666666664","0.3333333333333333"
"7","3.0","1.0","3.0","0.0625","0.020833333333333332","6.0","2.0","12.0","0.125","0.041666666666666664","3.0","1.0","3.0","0.0625","0.020833333333333332","2.0","2.0","4.0","0.041666666666666664","0.041666666666666664","2.0","3.0","6.0","0.041666666666666664","0.0625","6.0","2.0","12.0","0.125","0.041666666666666664","2.0","1.0","2.0","0.041666666666666664","0.020833333333333332","5.0","2.0","10.0","0.10416666666666667","0.041666666666666664","3.0","2.0","6.0","0.0625","0.041666666666666664","6.0","1.0","6.0","0.125","0.020833333333333332","2.0","17.0","34.0","0.041666666666666664","0.3541666666666667","2.0","1.0","2.0","0.041666666666666664","0.020833333333333332","2.0","1.0","2.0","0.041666666666666664","0.020833333333333332","4.0","2.0","8.0","0.08333333333333333","0.041666666666666664","2.0","2.0","4.0","0.041666666666666664","0.041666666666666664","2.0","1.0","2.0","0.041666666666666664","0.020833333333333332","3.0","1.0","3.0","0.0625","0.020833333333333332","3.0","2.0","6.0","0.0625","0.041666666666666664","1.0","3.0","3.0","0.020833333333333332","0.0625","6.0","2.0","12.0","0.125","0.041666666666666664","2.0","2.0","4.0","0.041666666666666664","0.041666666666666664","2.0","1.0","2.0","0.041666666666666664","0.020833333333333332","2.0","1.0","2.0","0.041666666666666664","0.020833333333333332","2.0","4.0","8.0","0.041666666666666664","0.08333333333333333","2.0","3.0","6.0","0.041666666666666664","0.0625","2.0","1.0","2.0","0.041666666666666664","0.020833333333333332","2.0","1.0","2.0","0.041666666666666664","0.020833333333333332","3.0","2.0","6.0","0.0625","0.041666666666666664","3.0","2.0","6.0","0.0625","0.041666666666666664","2.0","2.0","4.0","0.041666666666666664","0.041666666666666664","2.0","1.0","2.0","0.041666666666666664","0.020833333333333332","4.0","1.0","4.0","0.08333333333333333","0.020833333333333332","2.0","1.0","2.0","0.041666666666666664","0.020833333333333332","3.0","3.0","9.0","0.0625","0.0625","3.0","3.0","9.0","0.0625","0.0625","2.0","1.0","2.0","0.041666666666666664","0.020833333333333332","1.0","1.0","1.0","0.020833333333333332","0.020833333333333332","2.0","1.0","2.0","0.041666666666666664","0.020833333333333332","3.0","1.0","3.0","0.0625","0.020833333333333332","3.0","2.0","6.0","0.0625","0.041666666666666664","4.0","1.0","4.0","0.08333333333333333","0.020833333333333332","1.0","1.0","1.0","0.020833333333333332","0.020833333333333332","3.0","1.0","3.0","0.0625","0.020833333333333332","3.0","0.0","0.0","0.0625","0.0","1.0","18.0","18.0","0.020833333333333332","0.375","41.0","27.0","1107.0","0.8541666666666666","0.5625","0.0","20.0","0.0","0.0","0.4166666666666667","2.0","16.0","32.0","0.041666666666666664","0.3333333333333333"
"8","3.0","1.0","3.0","0.0625","0.020833333333333332","6.0","2.0","12.0","0.125","0.041666666666666664","3.0","1.0","3.0","0.0625","0.020833333333333332","2.0","2.0","4.0","0.041666666666666664","0.041666666666666664","2.0","3.0","6.0","0.041666666666666664","0.0625","6.0","2.0","12.0","0.125","0.041666666666666664","2.0","1.0","2.0","0.041666666666666664","0.020833333333333332","5.0","2.0","10.0","0.10416666666666667","0.041666666666666664","3.0","2.0","6.0","0.0625","0.041666666666666664","6.0","1.0","6.0","0.125","0.020833333333333332","2.0","17.0","34.0","0.041666666666666664","0.3541666666666667","2.0","1.0","2.0","0.041666666666666664","0.020833333333333332","2.0","1.0","2.0","0.041666666666666664","0.020833333333333332","4.0","2.0","8.0","0.08333333333333333","0.041666666666666664","2.0","2.0","4.0","0.041666666666666664","0.041666666666666664","2.0","1.0","2.0","0.041666666666666664","0.020833333333333332","3.0","1.0","3.0","0.0625","0.020833333333333332","3.0","2.0","6.0","0.0625","0.041666666666666664","1.0","3.0","3.0","0.020833333333333332","0.0625","6.0","2.0","12.0","0.125","0.041666666666666664","2.0","2.0","4.0","0.041666666666666664","0.041666666666666664","2.0","1.0","2.0","0.041666666666666664","0.020833333333333332","2.0","1.0","2.0","0.041666666666666664","0.020833333333333332","2.0","4.0","8.0","0.041666666666666664","0.08333333333333333","2.0","3.0","6.0","0.041666666666666664","0.0625","2.0","1.0","2.0","0.041666666666666664","0.020833333333333332","2.0","1.0","2.0","0.041666666666666664","0.020833333333333332","3.0","2.0","6.0","0.0625","0.041666666666666664","3.0","2.0","6.0","0.0625","0.041666666666666664","2.0","2.0","4.0","0.041666666666666664","0.041666666666666664","2.0","1.0","2.0","0.041666666666666664","0.020833333333333332","4.0","1.0","4.0","0.08333333333333333","0.020833333333333332","2.0","1.0","2.0","0.041666666666666664","0.020833333333333332","3.0","3.0","9.0","0.0625","0.0625","3.0","3.0","9.0","0.0625","0.0625","2.0","1.0","2.0","0.041666666666666664","0.020833333333333332","1.0","1.0","1.0","0.020833333333333332","0.020833333333333332","2.0","1.0","2.0","0.041666666666666664","0.020833333333333332","3.0","1.0","3.0","0.0625","0.020833333333333332","3.0","2.0","6.0","0.0625","0.041666666666666664","4.0","1.0","4.0","0.08333333333333333","0.020833333333333332","1.0","1.0","1.0","0.020833333333333332","0.020833333333333332","3.0","1.0","3.0","0.0625","0.020833333333333332","3.0","0.0","0.0","0.0625","0.0","1.0","18.0","18.0","0.020833333333333332","0.375","41.0","27.0","1107.0","0.8541666666666666","0.5625","0.0","20.0","0.0","0.0","0.4166666666666667","2.0","16.0","32.0","0.041666666666666664","0.3333333333333333"
"9","3.0","1.0","3.0","0.0625","0.020833333333333332","6.0","2.0","12.0","0.125","0.041666666666666664","3.0","1.0","3.0","0.0625","0.020833333333333332","2.0","2.0","4.0","0.041666666666666664","0.041666666666666664","2.0","3.0","6.0","0.041666666666666664","0.0625","6.0","2.0","12.0","0.125","0.041666666666666664","2.0","1.0","2.0","0.041666666666666664","0.020833333333333332","5.0","2.0","10.0","0.10416666666666667","0.041666666666666664","3.0","2.0","6.0","0.0625","0.041666666666666664","6.0","1.0","6.0","0.125","0.020833333333333332","2.0","17.0","34.0","0.041666666666666664","0.3541666666666667","2.0","1.0","2.0","0.041666666666666664","0.020833333333333332","2.0","1.0","2.0","0.041666666666666664","0.020833333333333332","4.0","2.0","8.0","0.08333333333333333","0.041666666666666664","2.0","2.0","4.0","0.041666666666666664","0.041666666666666664","2.0","1.0","2.0","0.041666666666666664","0.020833333333333332","3.0","1.0","3.0","0.0625","0.020833333333333332","3.0","2.0","6.0","0.0625","0.041666666666666664","1.0","3.0","3.0","0.020833333333333332","0.0625","6.0","2.0","12.0","0.125","0.041666666666666664","2.0","2.0","4.0","0.041666666666666664","0.041666666666666664","2.0","1.0","2.0","0.041666666666666664","0.020833333333333332","2.0","1.0","2.0","0.041666666666666664","0.020833333333333332","2.0","4.0","8.0","0.041666666666666664","0.08333333333333333","2.0","3.0","6.0","0.041666666666666664","0.0625","2.0","1.0","2.0","0.041666666666666664","0.020833333333333332","2.0","1.0","2.0","0.041666666666666664","0.020833333333333332","3.0","2.0","6.0","0.0625","0.041666666666666664","3.0","2.0","6.0","0.0625","0.041666666666666664","2.0","2.0","4.0","0.041666666666666664","0.041666666666666664","2.0","1.0","2.0","0.041666666666666664","0.020833333333333332","4.0","1.0","4.0","0.08333333333333333","0.020833333333333332","2.0","1.0","2.0","0.041666666666666664","0.020833333333333332","3.0","3.0","9.0","0.0625","0.0625","3.0","3.0","9.0","0.0625","0.0625","2.0","1.0","2.0","0.041666666666666664","0.020833333333333332","1.0","1.0","1.0","0.020833333333333332","0.020833333333333332","2.0","1.0","2.0","0.041666666666666664","0.020833333333333332","3.0","1.0","3.0","0.0625","0.020833333333333332","3.0","2.0","6.0","0.0625","0.041666666666666664","4.0","1.0","4.0","0.08333333333333333","0.020833333333333332","1.0","1.0","1.0","0.020833333333333332","0.020833333333333332","3.0","1.0","3.0","0.0625","0.020833333333333332","3.0","0.0","0.0","0.0625","0.0","1.0","18.0","18.0","0.020833333333333332","0.375","41.0","27.0","1107.0","0.8541666666666666","0.5625","0.0","20.0","0.0","0.0","0.4166666666666667","2.0","16.0","32.0","0.041666666666666664","0.3333333333333333"
"10","3.0","1.0","3.0","0.0625","0.020833333333333332","6.0","2.0","12.0","0.125","0.041666666666666664","3.0","1.0","3.0","0.0625","0.020833333333333332","2.0","2.0","4.0","0.041666666666666664","0.041666666666666664","2.0","3.0","6.0","0.041666666666666664","0.0625","6.0","2.0","12.0","0.125","0.041666666666666664","2.0","1.0","2.0","0.041666666666666664","0.020833333333333332","5.0","2.0","10.0","0.10416666666666667","0.041666666666666664","3.0","2.0","6.0","0.0625","0.041666666666666664","6.0","1.0","6.0","0.125","0.020833333333333332","2.0","17.0","34.0","0.041666666666666664","0.3541666666666667","2.0","1.0","2.0","0.041666666666666664","0.020833333333333332","2.0","1.0","2.0","0.041666666666666664","0.020833333333333332","4.0","2.0","8.0","0.08333333333333333","0.041666666666666664","2.0","2.0","4.0","0.041666666666666664","0.041666666666666664","2.0","1.0","2.0","0.041666666666666664","0.020833333333333332","3.0","1.0","3.0","0.0625","0.020833333333333332","3.0","2.0","6.0","0.0625","0.041666666666666664","1.0","3.0","3.0","0.020833333333333332","0.0625","6.0","2.0","12.0","0.125","0.041666666666666664","2.0","2.0","4.0","0.041666666666666664","0.041666666666666664","2.0","1.0","2.0","0.041666666666666664","0.020833333333333332","2.0","1.0","2.0","0.041666666666666664","0.020833333333333332","2.0","4.0","8.0","0.041666666666666664","0.08333333333333333","2.0","3.0","6.0","0.041666666666666664","0.0625","2.0","1.0","2.0","0.041666666666666664","0.020833333333333332","2.0","1.0","2.0","0.041666666666666664","0.020833333333333332","3.0","2.0","6.0","0.0625","0.041666666666666664","3.0","2.0","6.0","0.0625","0.041666666666666664","2.0","2.0","4.0","0.041666666666666664","0.041666666666666664","2.0","1.0","2.0","0.041666666666666664","0.020833333333333332","4.0","1.0","4.0","0.08333333333333333","0.020833333333333332","2.0","1.0","2.0","0.041666666666666664","0.020833333333333332","3.0","3.0","9.0","0.0625","0.0625","3.0","3.0","9.0","0.0625","0.0625","2.0","1.0","2.0","0.041666666666666664","0.020833333333333332","1.0","1.0","1.0","0.020833333333333332","0.020833333333333332","2.0","1.0","2.0","0.041666666666666664","0.020833333333333332","3.0","1.0","3.0","0.0625","0.020833333333333332","3.0","2.0","6.0","0.0625","0.041666666666666664","4.0","1.0","4.0","0.08333333333333333","0.020833333333333332","1.0","1.0","1.0","0.020833333333333332","0.020833333333333332","3.0","1.0","3.0","0.0625","0.020833333333333332","3.0","0.0","0.0","0.0625","0.0","1.0","18.0","18.0","0.020833333333333332","0.375","41.0","27.0","1107.0","0.8541666666666666","0.5625","0.0","20.0","0.0","0.0","0.4166666666666667","2.0","16.0","32.0","0.041666666666666664","0.3333333333333333"
"11","3.0","1.0","3.0","0.0625","0.020833333333333332","6.0","2.0","12.0","0.125","0.041666666666666664","3.0","1.0","3.0","0.0625","0.020833333333333332","2.0","2.0","4.0","0.041666666666666664","0.041666666666666664","2.0","3.0","6.0","0.041666666666666664","0.0625","6.0","2.0","12.0","0.125","0.041666666666666664","2.0","1.0","2.0","0.041666666666666664","0.020833333333333332","5.0","2.0","10.0","0.10416666666666667","0.041666666666666664","3.0","2.0","6.0","0.0625","0.041666666666666664","6.0","1.0","6.0","0.125","0.020833333333333332","2.0","17.0","34.0","0.041666666666666664","0.3541666666666667","2.0","1.0","2.0","0.041666666666666664","0.020833333333333332","2.0","1.0","2.0","0.041666666666666664","0.020833333333333332","4.0","2.0","8.0","0.08333333333333333","0.041666666666666664","2.0","2.0","4.0","0.041666666666666664","0.041666666666666664","2.0","1.0","2.0","0.041666666666666664","0.020833333333333332","3.0","1.0","3.0","0.0625","0.020833333333333332","3.0","2.0","6.0","0.0625","0.041666666666666664","1.0","3.0","3.0","0.020833333333333332","0.0625","6.0","2.0","12.0","0.125","0.041666666666666664","2.0","2.0","4.0","0.041666666666666664","0.041666666666666664","2.0","1.0","2.0","0.041666666666666664","0.020833333333333332","2.0","1.0","2.0","0.041666666666666664","0.020833333333333332","2.0","4.0","8.0","0.041666666666666664","0.08333333333333333","2.0","3.0","6.0","0.041666666666666664","0.0625","2.0","1.0","2.0","0.041666666666666664","0.020833333333333332","2.0","1.0","2.0","0.041666666666666664","0.020833333333333332","3.0","2.0","6.0","0.0625","0.041666666666666664","3.0","2.0","6.0","0.0625","0.041666666666666664","2.0","2.0","4.0","0.041666666666666664","0.041666666666666664","2.0","1.0","2.0","0.041666666666666664","0.020833333333333332","4.0","1.0","4.0","0.08333333333333333","0.020833333333333332","2.0","1.0","2.0","0.041666666666666664","0.020833333333333332","3.0","3.0","9.0","0.0625","0.0625","3.0","3.0","9.0","0.0625","0.0625","2.0","1.0","2.0","0.041666666666666664","0.020833333333333332","1.0","1.0","1.0","0.020833333333333332","0.020833333333333332","2.0","1.0","2.0","0.041666666666666664","0.020833333333333332","3.0","1.0","3.0","0.0625","0.020833333333333332","3.0","2.0","6.0","0.0625","0.041666666666666664","4.0","1.0","4.0","0.08333333333333333","0.020833333333333332","1.0","1.0","1.0","0.020833333333333332","0.020833333333333332","3.0","1.0","3.0","0.0625","0.020833333333333332","3.0","0.0","0.0","0.0625","0.0","1.0","18.0","18.0","0.020833333333333332","0.375","41.0","27.0","1107.0","0.8541666666666666","0.5625","0.0","20.0","0.0","0.0","0.4166666666666667","2.0","16.0","32.0","0.041666666666666664","0.3333333333333333"
"12","3.0","1.0","3.0","0.0625","0.020833333333333332","6.0","2.0","12.0","0.125","0.041666666666666664","3.0","1.0","3.0","0.0625","0.020833333333333332","2.0","2.0","4.0","0.041666666666666664","0.041666666666666664","2.0","3.0","6.0","0.041666666666666664","0.0625","6.0","2.0","12.0","0.125","0.041666666666666664","2.0","1.0","2.0","0.041666666666666664","0.020833333333333332","5.0","2.0","10.0","0.10416666666666667","0.041666666666666664","3.0","2.0","6.0","0.0625","0.041666666666666664","6.0","1.0","6.0","0.125","0.020833333333333332","2.0","17.0","34.0","0.041666666666666664","0.3541666666666667","2.0","1.0","2.0","0.041666666666666664","0.020833333333333332","2.0","1.0","2.0","0.041666666666666664","0.020833333333333332","4.0","2.0","8.0","0.08333333333333333","0.041666666666666664","2.0","2.0","4.0","0.041666666666666664","0.041666666666666664","2.0","1.0","2.0","0.041666666666666664","0.020833333333333332","3.0","1.0","3.0","0.0625","0.020833333333333332","3.0","2.0","6.0","0.0625","0.041666666666666664","1.0","3.0","3.0","0.020833333333333332","0.0625","6.0","2.0","12.0","0.125","0.041666666666666664","2.0","2.0","4.0","0.041666666666666664","0.041666666666666664","2.0","1.0","2.0","0.041666666666666664","0.020833333333333332","2.0","1.0","2.0","0.041666666666666664","0.020833333333333332","2.0","4.0","8.0","0.041666666666666664","0.08333333333333333","2.0","3.0","6.0","0.041666666666666664","0.0625","2.0","1.0","2.0","0.041666666666666664","0.020833333333333332","2.0","1.0","2.0","0.041666666666666664","0.020833333333333332","3.0","2.0","6.0","0.0625","0.041666666666666664","3.0","2.0","6.0","0.0625","0.041666666666666664","2.0","2.0","4.0","0.041666666666666664","0.041666666666666664","2.0","1.0","2.0","0.041666666666666664","0.020833333333333332","4.0","1.0","4.0","0.08333333333333333","0.020833333333333332","2.0","1.0","2.0","0.041666666666666664","0.020833333333333332","3.0","3.0","9.0","0.0625","0.0625","3.0","3.0","9.0","0.0625","0.0625","2.0","1.0","2.0","0.041666666666666664","0.020833333333333332","1.0","1.0","1.0","0.020833333333333332","0.020833333333333332","2.0","1.0","2.0","0.041666666666666664","0.020833333333333332","3.0","1.0","3.0","0.0625","0.020833333333333332","3.0","2.0","6.0","0.0625","0.041666666666666664","4.0","1.0","4.0","0.08333333333333333","0.020833333333333332","1.0","1.0","1.0","0.020833333333333332","0.020833333333333332","3.0","1.0","3.0","0.0625","0.020833333333333332","3.0","0.0","0.0","0.0625","0.0","1.0","18.0","18.0","0.020833333333333332","0.375","41.0","27.0","1107.0","0.8541666666666666","0.5625","0.0","20.0","0.0","0.0","0.4166666666666667","2.0","16.0","32.0","0.041666666666666664","0.3333333333333333"
"13","3.0","1.0","3.0","0.0625","0.020833333333333332","6.0","2.0","12.0","0.125","0.041666666666666664","3.0","1.0","3.0","0.0625","0.020833333333333332","2.0","2.0","4.0","0.041666666666666664","0.041666666666666664","2.0","3.0","6.0","0.041666666666666664","0.0625","6.0","2.0","12.0","0.125","0.041666666666666664","2.0","1.0","2.0","0.041666666666666664","0.020833333333333332","5.0","2.0","10.0","0.10416666666666667","0.041666666666666664","3.0","2.0","6.0","0.0625","0.041666666666666664","6.0","1.0","6.0","0.125","0.020833333333333332","2.0","17.0","34.0","0.041666666666666664","0.3541666666666667","2.0","1.0","2.0","0.041666666666666664","0.020833333333333332","2.0","1.0","2.0","0.041666666666666664","0.020833333333333332","4.0","2.0","8.0","0.08333333333333333","0.041666666666666664","2.0","2.0","4.0","0.041666666666666664","0.041666666666666664","2.0","1.0","2.0","0.041666666666666664","0.020833333333333332","3.0","1.0","3.0","0.0625","0.020833333333333332","3.0","2.0","6.0","0.0625","0.041666666666666664","1.0","3.0","3.0","0.020833333333333332","0.0625","6.0","2.0","12.0","0.125","0.041666666666666664","2.0","2.0","4.0","0.041666666666666664","0.041666666666666664","2.0","1.0","2.0","0.041666666666666664","0.020833333333333332","2.0","1.0","2.0","0.041666666666666664","0.020833333333333332","2.0","4.0","8.0","0.041666666666666664","0.08333333333333333","2.0","3.0","6.0","0.041666666666666664","0.0625","2.0","1.0","2.0","0.041666666666666664","0.020833333333333332","2.0","1.0","2.0","0.041666666666666664","0.020833333333333332","3.0","2.0","6.0","0.0625","0.041666666666666664","3.0","2.0","6.0","0.0625","0.041666666666666664","2.0","2.0","4.0","0.041666666666666664","0.041666666666666664","2.0","1.0","2.0","0.041666666666666664","0.020833333333333332","4.0","1.0","4.0","0.08333333333333333","0.020833333333333332","2.0","1.0","2.0","0.041666666666666664","0.020833333333333332","3.0","3.0","9.0","0.0625","0.0625","3.0","3.0","9.0","0.0625","0.0625","2.0","1.0","2.0","0.041666666666666664","0.020833333333333332","1.0","1.0","1.0","0.020833333333333332","0.020833333333333332","2.0","1.0","2.0","0.041666666666666664","0.020833333333333332","3.0","1.0","3.0","0.0625","0.020833333333333332","3.0","2.0","6.0","0.0625","0.041666666666666664","4.0","1.0","4.0","0.08333333333333333","0.020833333333333332","1.0","1.0","1.0","0.020833333333333332","0.020833333333333332","3.0","1.0","3.0","0.0625","0.020833333333333332","3.0","0.0","0.0","0.0625","0.0","1.0","18.0","18.0","0.020833333333333332","0.375","41.0","27.0","1107.0","0.8541666666666666","0.5625","0.0","20.0","0.0","0.0","0.4166666666666667","2.0","16.0","32.0","0.041666666666666664","0.3333333333333333"
"14","3.0","1.0","3.0","0.0625","0.020833333333333332","6.0","2.0","12.0","0.125","0.041666666666666664","3.0","1.0","3.0","0.0625","0.020833333333333332","2.0","2.0","4.0","0.041666666666666664","0.041666666666666664","2.0","3.0","6.0","0.041666666666666664","0.0625","6.0","2.0","12.0","0.125","0.041666666666666664","2.0","1.0","2.0","0.041666666666666664","0.020833333333333332","5.0","2.0","10.0","0.10416666666666667","0.041666666666666664","3.0","2.0","6.0","0.0625","0.041666666666666664","6.0","1.0","6.0","0.125","0.020833333333333332","2.0","17.0","34.0","0.041666666666666664","0.3541666666666667","2.0","1.0","2.0","0.041666666666666664","0.020833333333333332","2.0","1.0","2.0","0.041666666666666664","0.020833333333333332","4.0","2.0","8.0","0.08333333333333333","0.041666666666666664","2.0","2.0","4.0","0.041666666666666664","0.041666666666666664","2.0","1.0","2.0","0.041666666666666664","0.020833333333333332","3.0","1.0","3.0","0.0625","0.020833333333333332","3.0","2.0","6.0","0.0625","0.041666666666666664","1.0","3.0","3.0","0.020833333333333332","0.0625","6.0","2.0","12.0","0.125","0.041666666666666664","2.0","2.0","4.0","0.041666666666666664","0.041666666666666664","2.0","1.0","2.0","0.041666666666666664","0.020833333333333332","2.0","1.0","2.0","0.041666666666666664","0.020833333333333332","2.0","4.0","8.0","0.041666666666666664","0.08333333333333333","2.0","3.0","6.0","0.041666666666666664","0.0625","2.0","1.0","2.0","0.041666666666666664","0.020833333333333332","2.0","1.0","2.0","0.041666666666666664","0.020833333333333332","3.0","2.0","6.0","0.0625","0.041666666666666664","3.0","2.0","6.0","0.0625","0.041666666666666664","2.0","2.0","4.0","0.041666666666666664","0.041666666666666664","2.0","1.0","2.0","0.041666666666666664","0.020833333333333332","4.0","1.0","4.0","0.08333333333333333","0.020833333333333332","2.0","1.0","2.0","0.041666666666666664","0.020833333333333332","3.0","3.0","9.0","0.0625","0.0625","3.0","3.0","9.0","0.0625","0.0625","2.0","1.0","2.0","0.041666666666666664","0.020833333333333332","1.0","1.0","1.0","0.020833333333333332","0.020833333333333332","2.0","1.0","2.0","0.041666666666666664","0.020833333333333332","3.0","1.0","3.0","0.0625","0.020833333333333332","3.0","2.0","6.0","0.0625","0.041666666666666664","4.0","1.0","4.0","0.08333333333333333","0.020833333333333332","1.0","1.0","1.0","0.020833333333333332","0.020833333333333332","3.0","1.0","3.0","0.0625","0.020833333333333332","3.0","0.0","0.0","0.0625","0.0","1.0","18.0","18.0","0.020833333333333332","0.375","41.0","27.0","1107.0","0.8541666666666666","0.5625","0.0","20.0","0.0","0.0","0.4166666666666667","2.0","16.0","32.0","0.041666666666666664","0.3333333333333333"
"15","3.0","1.0","3.0","0.0625","0.020833333333333332","6.0","2.0","12.0","0.125","0.041666666666666664","3.0","1.0","3.0","0.0625","0.020833333333333332","2.0","2.0","4.0","0.041666666666666664","0.041666666666666664","2.0","3.0","6.0","0.041666666666666664","0.0625","6.0","2.0","12.0","0.125","0.041666666666666664","2.0","1.0","2.0","0.041666666666666664","0.020833333333333332","5.0","2.0","10.0","0.10416666666666667","0.041666666666666664","3.0","2.0","6.0","0.0625","0.041666666666666664","6.0","1.0","6.0","0.125","0.020833333333333332","2.0","17.0","34.0","0.041666666666666664","0.3541666666666667","2.0","1.0","2.0","0.041666666666666664","0.020833333333333332","2.0","1.0","2.0","0.041666666666666664","0.020833333333333332","4.0","2.0","8.0","0.08333333333333333","0.041666666666666664","2.0","2.0","4.0","0.041666666666666664","0.041666666666666664","2.0","1.0","2.0","0.041666666666666664","0.020833333333333332","3.0","1.0","3.0","0.0625","0.020833333333333332","3.0","2.0","6.0","0.0625","0.041666666666666664","1.0","3.0","3.0","0.020833333333333332","0.0625","6.0","2.0","12.0","0.125","0.041666666666666664","2.0","2.0","4.0","0.041666666666666664","0.041666666666666664","2.0","1.0","2.0","0.041666666666666664","0.020833333333333332","2.0","1.0","2.0","0.041666666666666664","0.020833333333333332","2.0","4.0","8.0","0.041666666666666664","0.08333333333333333","2.0","3.0","6.0","0.041666666666666664","0.0625","2.0","1.0","2.0","0.041666666666666664","0.020833333333333332","2.0","1.0","2.0","0.041666666666666664","0.020833333333333332","3.0","2.0","6.0","0.0625","0.041666666666666664","3.0","2.0","6.0","0.0625","0.041666666666666664","2.0","2.0","4.0","0.041666666666666664","0.041666666666666664","2.0","1.0","2.0","0.041666666666666664","0.020833333333333332","4.0","1.0","4.0","0.08333333333333333","0.020833333333333332","2.0","1.0","2.0","0.041666666666666664","0.020833333333333332","3.0","3.0","9.0","0.0625","0.0625","3.0","3.0","9.0","0.0625","0.0625","2.0","1.0","2.0","0.041666666666666664","0.020833333333333332","1.0","1.0","1.0","0.020833333333333332","0.020833333333333332","2.0","1.0","2.0","0.041666666666666664","0.020833333333333332","3.0","1.0","3.0","0.0625","0.020833333333333332","3.0","2.0","6.0","0.0625","0.041666666666666664","4.0","1.0","4.0","0.08333333333333333","0.020833333333333332","1.0","1.0","1.0","0.020833333333333332","0.020833333333333332","3.0","1.0","3.0","0.0625","0.020833333333333332","3.0","0.0","0.0","0.0625","0.0","1.0","18.0","18.0","0.020833333333333332","0.375","41.0","27.0","1107.0","0.8541666666666666","0.5625","0.0","20.0","0.0","0.0","0.4166666666666667","2.0","16.0","32.0","0.041666666666666664","0.3333333333333333"
"16","3.0","1.0","3.0","0.0625","0.020833333333333332","6.0","2.0","12.0","0.125","0.041666666666666664","3.0","1.0","3.0","0.0625","0.020833333333333332","2.0","2.0","4.0","0.041666666666666664","0.041666666666666664","2.0","3.0","6.0","0.041666666666666664","0.0625","6.0","2.0","12.0","0.125","0.041666666666666664","2.0","1.0","2.0","0.041666666666666664","0.020833333333333332","5.0","2.0","10.0","0.10416666666666667","0.041666666666666664","3.0","2.0","6.0","0.0625","0.041666666666666664","6.0","1.0","6.0","0.125","0.020833333333333332","2.0","17.0","34.0","0.041666666666666664","0.3541666666666667","2.0","1.0","2.0","0.041666666666666664","0.020833333333333332","2.0","1.0","2.0","0.041666666666666664","0.020833333333333332","4.0","2.0","8.0","0.08333333333333333","0.041666666666666664","2.0","2.0","4.0","0.041666666666666664","0.041666666666666664","2.0","1.0","2.0","0.041666666666666664","0.020833333333333332","3.0","1.0","3.0","0.0625","0.020833333333333332","3.0","2.0","6.0","0.0625","0.041666666666666664","1.0","3.0","3.0","0.020833333333333332","0.0625","6.0","2.0","12.0","0.125","0.041666666666666664","2.0","2.0","4.0","0.041666666666666664","0.041666666666666664","2.0","1.0","2.0","0.041666666666666664","0.020833333333333332","2.0","1.0","2.0","0.041666666666666664","0.020833333333333332","2.0","4.0","8.0","0.041666666666666664","0.08333333333333333","2.0","3.0","6.0","0.041666666666666664","0.0625","2.0","1.0","2.0","0.041666666666666664","0.020833333333333332","2.0","1.0","2.0","0.041666666666666664","0.020833333333333332","3.0","2.0","6.0","0.0625","0.041666666666666664","3.0","2.0","6.0","0.0625","0.041666666666666664","2.0","2.0","4.0","0.041666666666666664","0.041666666666666664","2.0","1.0","2.0","0.041666666666666664","0.020833333333333332","4.0","1.0","4.0","0.08333333333333333","0.020833333333333332","2.0","1.0","2.0","0.041666666666666664","0.020833333333333332","3.0","3.0","9.0","0.0625","0.0625","3.0","3.0","9.0","0.0625","0.0625","2.0","1.0","2.0","0.041666666666666664","0.020833333333333332","1.0","1.0","1.0","0.020833333333333332","0.020833333333333332","2.0","1.0","2.0","0.041666666666666664","0.020833333333333332","3.0","1.0","3.0","0.0625","0.020833333333333332","3.0","2.0","6.0","0.0625","0.041666666666666664","4.0","1.0","4.0","0.08333333333333333","0.020833333333333332","1.0","1.0","1.0","0.020833333333333332","0.020833333333333332","3.0","1.0","3.0","0.0625","0.020833333333333332","3.0","0.0","0.0","0.0625","0.0","1.0","18.0","18.0","0.020833333333333332","0.375","41.0","27.0","1107.0","0.8541666666666666","0.5625","0.0","20.0","0.0","0.0","0.4166666666666667","2.0","16.0","32.0","0.041666666666666664","0.3333333333333333"
"17","3.0","1.0","3.0","0.0625","0.020833333333333332","6.0","2.0","12.0","0.125","0.041666666666666664","3.0","1.0","3.0","0.0625","0.020833333333333332","2.0","2.0","4.0","0.041666666666666664","0.041666666666666664","2.0","3.0","6.0","0.041666666666666664","0.0625","6.0","2.0","12.0","0.125","0.041666666666666664","2.0","1.0","2.0","0.041666666666666664","0.020833333333333332","5.0","2.0","10.0","0.10416666666666667","0.041666666666666664","3.0","2.0","6.0","0.0625","0.041666666666666664","6.0","1.0","6.0","0.125","0.020833333333333332","2.0","17.0","34.0","0.041666666666666664","0.3541666666666667","2.0","1.0","2.0","0.041666666666666664","0.020833333333333332","2.0","1.0","2.0","0.041666666666666664","0.020833333333333332","4.0","2.0","8.0","0.08333333333333333","0.041666666666666664","2.0","2.0","4.0","0.041666666666666664","0.041666666666666664","2.0","1.0","2.0","0.041666666666666664","0.020833333333333332","3.0","1.0","3.0","0.0625","0.020833333333333332","3.0","2.0","6.0","0.0625","0.041666666666666664","1.0","3.0","3.0","0.020833333333333332","0.0625","6.0","2.0","12.0","0.125","0.041666666666666664","2.0","2.0","4.0","0.041666666666666664","0.041666666666666664","2.0","1.0","2.0","0.041666666666666664","0.020833333333333332","2.0","1.0","2.0","0.041666666666666664","0.020833333333333332","2.0","4.0","8.0","0.041666666666666664","0.08333333333333333","2.0","3.0","6.0","0.041666666666666664","0.0625","2.0","1.0","2.0","0.041666666666666664","0.020833333333333332","2.0","1.0","2.0","0.041666666666666664","0.020833333333333332","3.0","2.0","6.0","0.0625","0.041666666666666664","3.0","2.0","6.0","0.0625","0.041666666666666664","2.0","2.0","4.0","0.041666666666666664","0.041666666666666664","2.0","1.0","2.0","0.041666666666666664","0.020833333333333332","4.0","1.0","4.0","0.08333333333333333","0.020833333333333332","2.0","1.0","2.0","0.041666666666666664","0.020833333333333332","3.0","3.0","9.0","0.0625","0.0625","3.0","3.0","9.0","0.0625","0.0625","2.0","1.0","2.0","0.041666666666666664","0.020833333333333332","1.0","1.0","1.0","0.020833333333333332","0.020833333333333332","2.0","1.0","2.0","0.041666666666666664","0.020833333333333332","3.0","1.0","3.0","0.0625","0.020833333333333332","3.0","2.0","6.0","0.0625","0.041666666666666664","4.0","1.0","4.0","0.08333333333333333","0.020833333333333332","1.0","1.0","1.0","0.020833333333333332","0.020833333333333332","3.0","1.0","3.0","0.0625","0.020833333333333332","3.0","0.0","0.0","0.0625","0.0","1.0","18.0","18.0","0.020833333333333332","0.375","41.0","27.0","1107.0","0.8541666666666666","0.5625","0.0","20.0","0.0","0.0","0.4166666666666667","2.0","16.0","32.0","0.041666666666666664","0.3333333333333333"
"18","3.0","1.0","3.0","0.0625","0.020833333333333332","6.0","2.0","12.0","0.125","0.041666666666666664","3.0","1.0","3.0","0.0625","0.020833333333333332","2.0","2.0","4.0","0.041666666666666664","0.041666666666666664","2.0","3.0","6.0","0.041666666666666664","0.0625","6.0","2.0","12.0","0.125","0.041666666666666664","2.0","1.0","2.0","0.041666666666666664","0.020833333333333332","5.0","2.0","10.0","0.10416666666666667","0.041666666666666664","3.0","2.0","6.0","0.0625","0.041666666666666664","6.0","1.0","6.0","0.125","0.020833333333333332","2.0","17.0","34.0","0.041666666666666664","0.3541666666666667","2.0","1.0","2.0","0.041666666666666664","0.020833333333333332","2.0","1.0","2.0","0.041666666666666664","0.020833333333333332","4.0","2.0","8.0","0.08333333333333333","0.041666666666666664","2.0","2.0","4.0","0.041666666666666664","0.041666666666666664","2.0","1.0","2.0","0.041666666666666664","0.020833333333333332","3.0","1.0","3.0","0.0625","0.020833333333333332","3.0","2.0","6.0","0.0625","0.041666666666666664","1.0","3.0","3.0","0.020833333333333332","0.0625","6.0","2.0","12.0","0.125","0.041666666666666664","2.0","2.0","4.0","0.041666666666666664","0.041666666666666664","2.0","1.0","2.0","0.041666666666666664","0.020833333333333332","2.0","1.0","2.0","0.041666666666666664","0.020833333333333332","2.0","4.0","8.0","0.041666666666666664","0.08333333333333333","2.0","3.0","6.0","0.041666666666666664","0.0625","2.0","1.0","2.0","0.041666666666666664","0.020833333333333332","2.0","1.0","2.0","0.041666666666666664","0.020833333333333332","3.0","2.0","6.0","0.0625","0.041666666666666664","3.0","2.0","6.0","0.0625","0.041666666666666664","2.0","2.0","4.0","0.041666666666666664","0.041666666666666664","2.0","1.0","2.0","0.041666666666666664","0.020833333333333332","4.0","1.0","4.0","0.08333333333333333","0.020833333333333332","2.0","1.0","2.0","0.041666666666666664","0.020833333333333332","3.0","3.0","9.0","0.0625","0.0625","3.0","3.0","9.0","0.0625","0.0625","2.0","1.0","2.0","0.041666666666666664","0.020833333333333332","1.0","1.0","1.0","0.020833333333333332","0.020833333333333332","2.0","1.0","2.0","0.041666666666666664","0.020833333333333332","3.0","1.0","3.0","0.0625","0.020833333333333332","3.0","2.0","6.0","0.0625","0.041666666666666664","4.0","1.0","4.0","0.08333333333333333","0.020833333333333332","1.0","1.0","1.0","0.020833333333333332","0.020833333333333332","3.0","1.0","3.0","0.0625","0.020833333333333332","3.0","0.0","0.0","0.0625","0.0","1.0","18.0","18.0","0.020833333333333332","0.375","41.0","27.0","1107.0","0.8541666666666666","0.5625","0.0","20.0","0.0","0.0","0.4166666666666667","2.0","16.0","32.0","0.041666666666666664","0.3333333333333333"
"19","3.0","1.0","3.0","0.0625","0.020833333333333332","6.0","2.0","12.0","0.125","0.041666666666666664","3.0","1.0","3.0","0.0625","0.020833333333333332","2.0","2.0","4.0","0.041666666666666664","0.041666666666666664","2.0","3.0","6.0","0.041666666666666664","0.0625","6.0","2.0","12.0","0.125","0.041666666666666664","2.0","1.0","2.0","0.041666666666666664","0.020833333333333332","5.0","2.0","10.0","0.10416666666666667","0.041666666666666664","3.0","2.0","6.0","0.0625","0.041666666666666664","6.0","1.0","6.0","0.125","0.020833333333333332","2.0","17.0","34.0","0.041666666666666664","0.3541666666666667","2.0","1.0","2.0","0.041666666666666664","0.020833333333333332","2.0","1.0","2.0","0.041666666666666664","0.020833333333333332","4.0","2.0","8.0","0.08333333333333333","0.041666666666666664","2.0","2.0","4.0","0.041666666666666664","0.041666666666666664","2.0","1.0","2.0","0.041666666666666664","0.020833333333333332","3.0","1.0","3.0","0.0625","0.020833333333333332","3.0","2.0","6.0","0.0625","0.041666666666666664","1.0","3.0","3.0","0.020833333333333332","0.0625","6.0","2.0","12.0","0.125","0.041666666666666664","2.0","2.0","4.0","0.041666666666666664","0.041666666666666664","2.0","1.0","2.0","0.041666666666666664","0.020833333333333332","2.0","1.0","2.0","0.041666666666666664","0.020833333333333332","2.0","4.0","8.0","0.041666666666666664","0.08333333333333333","2.0","3.0","6.0","0.041666666666666664","0.0625","2.0","1.0","2.0","0.041666666666666664","0.020833333333333332","2.0","1.0","2.0","0.041666666666666664","0.020833333333333332","3.0","2.0","6.0","0.0625","0.041666666666666664","3.0","2.0","6.0","0.0625","0.041666666666666664","2.0","2.0","4.0","0.041666666666666664","0.041666666666666664","2.0","1.0","2.0","0.041666666666666664","0.020833333333333332","4.0","1.0","4.0","0.08333333333333333","0.020833333333333332","2.0","1.0","2.0","0.041666666666666664","0.020833333333333332","3.0","3.0","9.0","0.0625","0.0625","3.0","3.0","9.0","0.0625","0.0625","2.0","1.0","2.0","0.041666666666666664","0.020833333333333332","1.0","1.0","1.0","0.020833333333333332","0.020833333333333332","2.0","1.0","2.0","0.041666666666666664","0.020833333333333332","3.0","1.0","3.0","0.0625","0.020833333333333332","3.0","2.0","6.0","0.0625","0.041666666666666664","4.0","1.0","4.0","0.08333333333333333","0.020833333333333332","1.0","1.0","1.0","0.020833333333333332","0.020833333333333332","3.0","1.0","3.0","0.0625","0.020833333333333332","3.0","0.0","0.0","0.0625","0.0","1.0","18.0","18.0","0.020833333333333332","0.375","41.0","27.0","1107.0","0.8541666666666666","0.5625","0.0","20.0","0.0","0.0","0.4166666666666667","2.0","16.0","32.0","0.041666666666666664","0.3333333333333333"
"20","3.0","1.0","3.0","0.0625","0.020833333333333332","6.0","2.0","12.0","0.125","0.041666666666666664","3.0","1.0","3.0","0.0625","0.020833333333333332","2.0","2.0","4.0","0.041666666666666664","0.041666666666666664","2.0","3.0","6.0","0.041666666666666664","0.0625","6.0","2.0","12.0","0.125","0.041666666666666664","2.0","1.0","2.0","0.041666666666666664","0.020833333333333332","5.0","2.0","10.0","0.10416666666666667","0.041666666666666664","3.0","2.0","6.0","0.0625","0.041666666666666664","6.0","1.0","6.0","0.125","0.020833333333333332","2.0","17.0","34.0","0.041666666666666664","0.3541666666666667","2.0","1.0","2.0","0.041666666666666664","0.020833333333333332","2.0","1.0","2.0","0.041666666666666664","0.020833333333333332","4.0","2.0","8.0","0.08333333333333333","0.041666666666666664","2.0","2.0","4.0","0.041666666666666664","0.041666666666666664","2.0","1.0","2.0","0.041666666666666664","0.020833333333333332","3.0","1.0","3.0","0.0625","0.020833333333333332","3.0","2.0","6.0","0.0625","0.041666666666666664","1.0","3.0","3.0","0.020833333333333332","0.0625","6.0","2.0","12.0","0.125","0.041666666666666664","2.0","2.0","4.0","0.041666666666666664","0.041666666666666664","2.0","1.0","2.0","0.041666666666666664","0.020833333333333332","2.0","1.0","2.0","0.041666666666666664","0.020833333333333332","2.0","4.0","8.0","0.041666666666666664","0.08333333333333333","2.0","3.0","6.0","0.041666666666666664","0.0625","2.0","1.0","2.0","0.041666666666666664","0.020833333333333332","2.0","1.0","2.0","0.041666666666666664","0.020833333333333332","3.0","2.0","6.0","0.0625","0.041666666666666664","3.0","2.0","6.0","0.0625","0.041666666666666664","2.0","2.0","4.0","0.041666666666666664","0.041666666666666664","2.0","1.0","2.0","0.041666666666666664","0.020833333333333332","4.0","1.0","4.0","0.08333333333333333","0.020833333333333332","2.0","1.0","2.0","0.041666666666666664","0.020833333333333332","3.0","3.0","9.0","0.0625","0.0625","3.0","3.0","9.0","0.0625","0.0625","2.0","1.0","2.0","0.041666666666666664","0.020833333333333332","1.0","1.0","1.0","0.020833333333333332","0.020833333333333332","2.0","1.0","2.0","0.041666666666666664","0.020833333333333332","3.0","1.0","3.0","0.0625","0.020833333333333332","3.0","2.0","6.0","0.0625","0.041666666666666664","4.0","1.0","4.0","0.08333333333333333","0.020833333333333332","1.0","1.0","1.0","0.020833333333333332","0.020833333333333332","3.0","1.0","3.0","0.0625","0.020833333333333332","3.0","0.0","0.0","0.0625","0.0","1.0","18.0","18.0","0.020833333333333332","0.375","41.0","27.0","1107.0","0.8541666666666666","0.5625","0.0","20.0","0.0","0.0","0.4166666666666667","2.0","16.0","32.0","0.041666666666666664","0.3333333333333333"
"21","3.0","1.0","3.0","0.0625","0.020833333333333332","6.0","2.0","12.0","0.125","0.041666666666666664","3.0","1.0","3.0","0.0625","0.020833333333333332","2.0","2.0","4.0","0.041666666666666664","0.041666666666666664","2.0","3.0","6.0","0.041666666666666664","0.0625","6.0","2.0","12.0","0.125","0.041666666666666664","2.0","1.0","2.0","0.041666666666666664","0.020833333333333332","5.0","2.0","10.0","0.10416666666666667","0.041666666666666664","3.0","2.0","6.0","0.0625","0.041666666666666664","6.0","1.0","6.0","0.125","0.020833333333333332","2.0","17.0","34.0","0.041666666666666664","0.3541666666666667","2.0","1.0","2.0","0.041666666666666664","0.020833333333333332","2.0","1.0","2.0","0.041666666666666664","0.020833333333333332","4.0","2.0","8.0","0.08333333333333333","0.041666666666666664","2.0","2.0","4.0","0.041666666666666664","0.041666666666666664","2.0","1.0","2.0","0.041666666666666664","0.020833333333333332","3.0","1.0","3.0","0.0625","0.020833333333333332","3.0","2.0","6.0","0.0625","0.041666666666666664","1.0","3.0","3.0","0.020833333333333332","0.0625","6.0","2.0","12.0","0.125","0.041666666666666664","2.0","2.0","4.0","0.041666666666666664","0.041666666666666664","2.0","1.0","2.0","0.041666666666666664","0.020833333333333332","2.0","1.0","2.0","0.041666666666666664","0.020833333333333332","2.0","4.0","8.0","0.041666666666666664","0.08333333333333333","2.0","3.0","6.0","0.041666666666666664","0.0625","2.0","1.0","2.0","0.041666666666666664","0.020833333333333332","2.0","1.0","2.0","0.041666666666666664","0.020833333333333332","3.0","2.0","6.0","0.0625","0.041666666666666664","3.0","2.0","6.0","0.0625","0.041666666666666664","2.0","2.0","4.0","0.041666666666666664","0.041666666666666664","2.0","1.0","2.0","0.041666666666666664","0.020833333333333332","4.0","1.0","4.0","0.08333333333333333","0.020833333333333332","2.0","1.0","2.0","0.041666666666666664","0.020833333333333332","3.0","3.0","9.0","0.0625","0.0625","3.0","3.0","9.0","0.0625","0.0625","2.0","1.0","2.0","0.041666666666666664","0.020833333333333332","1.0","1.0","1.0","0.020833333333333332","0.020833333333333332","2.0","1.0","2.0","0.041666666666666664","0.020833333333333332","3.0","1.0","3.0","0.0625","0.020833333333333332","3.0","2.0","6.0","0.0625","0.041666666666666664","4.0","1.0","4.0","0.08333333333333333","0.020833333333333332","1.0","1.0","1.0","0.020833333333333332","0.020833333333333332","3.0","1.0","3.0","0.0625","0.020833333333333332","3.0","0.0","0.0","0.0625","0.0","1.0","18.0","18.0","0.020833333333333332","0.375","41.0","27.0","1107.0","0.8541666666666666","0.5625","0.0","20.0","0.0","0.0","0.4166666666666667","2.0","16.0","32.0","0.041666666666666664","0.3333333333333333"
