"release","APP - GINI -ADS","APP - GINI - AIS","APP - SCF","APP - ADCS","BA1-ADS","BA1-GINI -ADS","BA1-AIS","BA1-GINI -AIS","BA2-ADS","BA2-GINI -ADS","BA2-AIS","BA2-GINI -AIS","BA3-ADS","BA3-GINI -ADS","BA3-AIS","BA3-GINI -AIS","BA4-ADS","BA4-GINI -ADS","BA4-AIS","BA4-GINI -AIS","BA5-ADS","BA5-GINI -ADS","BA5-AIS","BA5-GINI -AIS","BA6-ADS","BA6-GINI -ADS","BA6-AIS","BA6-GINI -AIS","BA7-ADS","BA7-GINI -ADS","BA7-AIS","BA7-GINI -AIS","BA8-ADS","BA8-GINI -ADS","BA8-AIS","BA8-GINI -AIS","BA9-ADS","BA9-GINI -ADS","BA9-AIS","BA9-GINI -AIS","BA10-ADS","BA10-GINI -ADS","BA10-AIS","BA10-GINI -AIS","BA11-ADS","BA11-GINI -ADS","BA11-AIS","BA11-GINI -AIS","BA12-ADS","BA12-GINI -ADS","BA12-AIS","BA12-GINI -AIS","BA13-ADS","BA13-GINI -ADS","BA13-AIS","BA13-GINI -AIS","BA14-ADS","BA14-GINI -ADS","BA14-AIS","BA14-GINI -AIS","BA15-ADS","BA15-GINI -ADS","BA15-AIS","BA15-GINI -AIS","BA16-ADS","BA16-GINI -ADS","BA16-AIS","BA16-GINI -AIS","BA17-ADS","BA17-GINI -ADS","BA17-AIS","BA17-GINI -AIS","BA18-ADS","BA18-GINI -ADS","BA18-AIS","BA18-GINI -AIS","BA19-ADS","BA19-GINI -ADS","BA19-AIS","BA19-GINI -AIS","BA20-ADS","BA20-GINI -ADS","BA20-AIS","BA20-GINI -AIS","BA21-ADS","BA21-GINI -ADS","BA21-AIS","BA21-GINI -AIS","BA22-ADS","BA22-GINI -ADS","BA22-AIS","BA22-GINI -AIS","BA23-ADS","BA23-GINI -ADS","BA23-AIS","BA23-GINI -AIS","BA24-ADS","BA24-GINI -ADS","BA24-AIS","BA24-GINI -AIS","BA25-ADS","BA25-GINI -ADS","BA25-AIS","BA25-GINI -AIS","BA26-ADS","BA26-GINI -ADS","BA26-AIS","BA26-GINI -AIS","BA27-ADS","BA27-GINI -ADS","BA27-AIS","BA27-GINI -AIS","BA28-ADS","BA28-GINI -ADS","BA28-AIS","BA28-GINI -AIS","BA29-ADS","BA29-GINI -ADS","BA29-AIS","BA29-GINI -AIS","BA30-ADS","BA30-GINI -ADS","BA30-AIS","BA30-GINI -AIS","BA31-ADS","BA31-GINI -ADS","BA31-AIS","BA31-GINI -AIS","BA32-ADS","BA32-GINI -ADS","BA32-AIS","BA32-GINI -AIS","BA33-ADS","BA33-GINI -ADS","BA33-AIS","BA33-GINI -AIS","BA34-ADS","BA34-GINI -ADS","BA34-AIS","BA34-GINI -AIS","BA35-ADS","BA35-GINI -ADS","BA35-AIS","BA35-GINI -AIS","BA36-ADS","BA36-GINI -ADS","BA36-AIS","BA36-GINI -AIS","BA37-ADS","BA37-GINI -ADS","BA37-AIS","BA37-GINI -AIS","BA38-ADS","BA38-GINI -ADS","BA38-AIS","BA38-GINI -AIS","BA39-ADS","BA39-GINI -ADS","BA39-AIS","BA39-GINI -AIS","BA40-ADS","BA40-GINI -ADS","BA40-AIS","BA40-GINI -AIS","BA41-ADS","BA41-GINI -ADS","BA41-AIS","BA41-GINI -AIS","BA42-ADS","BA42-GINI -ADS","BA42-AIS","BA42-GINI -AIS","BA43-ADS","BA43-GINI -ADS","BA43-AIS","BA43-GINI -AIS","BA44-ADS","BA44-GINI -ADS","BA44-AIS","BA44-GINI -AIS","BA45-ADS","BA45-GINI -ADS","BA45-AIS","BA45-GINI -AIS","BA46-ADS","BA46-GINI -ADS","BA46-AIS","BA46-GINI -AIS","BA47-ADS","BA47-GINI -ADS","BA47-AIS","BA47-GINI -AIS","BA48-ADS","BA48-GINI -ADS","BA48-AIS","BA48-GINI -AIS","BA49-ADS","BA49-GINI -ADS","BA49-AIS","BA49-GINI -AIS","BA50-ADS","BA50-GINI -ADS","BA50-AIS","BA50-GINI -AIS","BA51-ADS","BA51-GINI -ADS","BA51-AIS","BA51-GINI -AIS","GTW-ADS","GTW-GINI -ADS","GTW-AIS","GTW-GINI -AIS","REG-ADS","REG-GINI -ADS","REG-AIS","REG-GINI -AIS","TRC-ADS","TRC-GINI -ADS","TRC-AIS","TRC-GINI -AIS","MSV1-ADS","MSV1-GINI -ADS","MSV1-AIS","MSV1-GINI -AIS","MSV2-ADS","MSV2-GINI -ADS","MSV2-AIS","MSV2-GINI -AIS","MSV3-ADS","MSV3-GINI -ADS","MSV3-AIS","MSV3-GINI -AIS","MSV4-ADS","MSV4-GINI -ADS","MSV4-AIS","MSV4-GINI -AIS","MSV5-ADS","MSV5-GINI -ADS","MSV5-AIS","MSV5-GINI -AIS","MSV6-ADS","MSV6-GINI -ADS","MSV6-AIS","MSV6-GINI -AIS","MSV7-ADS","MSV7-GINI -ADS","MSV7-AIS","MSV7-GINI -AIS","MSV8-ADS","MSV8-GINI -ADS","MSV8-AIS","MSV8-GINI -AIS","MSV9-ADS","MSV9-GINI -ADS","MSV9-AIS","MSV9-GINI -AIS","MSV10-ADS","MSV10-GINI -ADS","MSV10-AIS","MSV10-GINI -AIS","MSV11-ADS","MSV11-GINI -ADS","MSV11-AIS","MSV11-GINI -AIS","MSV12-ADS","MSV12-GINI -ADS","MSV12-AIS","MSV12-GINI -AIS","MSV13-ADS","MSV13-GINI -ADS","MSV13-AIS","MSV13-GINI -AIS","MSV14-ADS","MSV14-GINI -ADS","MSV14-AIS","MSV14-GINI -AIS","MSV15-ADS","MSV15-GINI -ADS","MSV15-AIS","MSV15-GINI -AIS","MSV16-ADS","MSV16-GINI -ADS","MSV16-AIS","MSV16-GINI -AIS","MSV17-ADS","MSV17-GINI -ADS","MSV17-AIS","MSV17-GINI -AIS","MSV18-ADS","MSV18-GINI -ADS","MSV18-AIS","MSV18-GINI -AIS","MSV19-ADS","MSV19-GINI -ADS","MSV19-AIS","MSV19-GINI -AIS","MSV20-ADS","MSV20-GINI -ADS","MSV20-AIS","MSV20-GINI -AIS"
"0","0.1790123","0.6734369","0.0649895178197065","3.4444444444444446","3.0","0","6.0","0","3.0","0","5.0","0","3.0","0","14.0","0","3.0","0","1.0","0","3.0","0","1.0","0","3.0","0","2.0","0","3.0","0","4.0","0","3.0","0","2.0","0","3.0","0","1.0","0","3.0","0","1.0","0","3.0","0","1.0","0","3.0","0","2.0","0","3.0","0","3.0","0","3.0","0","1.0","0","3.0","0","1.0","0","3.0","0","1.0","0","3.0","0","1.0","0","3.0","0","1.0","0","3.0","0","1.0","0","3.0","0","1.0","0","3.0","0","1.0","0","3.0","0","1.0","0","3.0","0","1.0","0","3.0","0","1.0","0","3.0","0","1.0","0","3.0","0","2.0","0","3.0","0","1.0","0","3.0","0","1.0","0","3.0","0","1.0","0","3.0","0","1.0","0","3.0","0","1.0","0","3.0","0","1.0","0","3.0","0","1.0","0","3.0","0","1.0","0","3.0","0","1.0","0","3.0","0","1.0","0","3.0","0","1.0","0","3.0","0","1.0","0","3.0","0","1.0","0","3.0","0","1.0","0","3.0","0","1.0","0","3.0","0","1.0","0","3.0","0","1.0","0","3.0","0","1.0","0","3.0","0","1.0","0","3.0","0","1.0","0","3.0","0","1.0","0","3.0","0","1.0","0","3.0","0","1.0","0","3.0","0","1.0","0","3.0","0","1.0","0","32.0","0","0.0","0","0.0","0","52.0","0","1.0","0","52.0","0","0.0","","0.0","","0.0","","0.0","","0.0","","0.0","","0.0","","0.0","","0.0","","0.0","","0.0","","0.0","","0.0","","0.0","","0.0","","0.0","","0.0","","0.0","","0.0","","0.0","","0.0","","0.0","","0.0","","0.0","","0.0","","0.0","","0.0","","0.0","","0.0","","0.0","","0.0","","0.0","","0.0","","0.0","","0.0","","0.0","","0.0","","0.0","","0.0","","0.0"
"1","0.2122764","0.6755285","0.05790960451977401","3.4166666666666665","3.0","0","6.0","0","3.0","0","5.0","0","3.0","0","20.0","0.08823529","3.0","0","1.0","0","3.0","0","1.0","0","3.0","0","2.0","0","3.0","0","4.0","0","3.0","0","2.0","0","3.0","0","1.0","0","3.0","0","1.0","0","3.0","0","1.0","0","3.0","0","2.0","0","3.0","0","3.0","0","3.0","0","1.0","0","3.0","0","1.0","0","3.0","0","1.0","0","3.0","0","1.0","0","3.0","0","1.0","0","3.0","0","1.0","0","3.0","0","1.0","0","3.0","0","1.0","0","3.0","0","1.0","0","3.0","0","1.0","0","3.0","0","1.0","0","3.0","0","1.0","0","3.0","0","2.0","0","3.0","0","1.0","0","3.0","0","1.0","0","3.0","0","1.0","0","3.0","0","1.0","0","3.0","0","1.0","0","3.0","0","1.0","0","3.0","0","1.0","0","3.0","0","1.0","0","3.0","0","1.0","0","3.0","0","1.0","0","3.0","0","1.0","0","3.0","0","1.0","0","3.0","0","1.0","0","3.0","0","1.0","0","3.0","0","1.0","0","3.0","0","1.0","0","3.0","0","1.0","0","3.0","0","1.0","0","3.0","0","1.0","0","3.0","0","1.0","0","3.0","0","1.0","0","3.0","0","1.0","0","3.0","0","1.0","0","3.0","0","1.0","0","3.0","0","1.0","0","38.0","0.04285714","0.0","0","0.0","0","58.0","0.02727273","1.0","0","53.0","0.004761905","2.0","0","1.0","0","2.0","0","1.0","0","2.0","0","1.0","0","2.0","0","1.0","0","3.0","0","1.0","0","2.0","0","1.0","0","0.0","","0.0","","0.0","","0.0","","0.0","","0.0","","0.0","","0.0","","0.0","","0.0","","0.0","","0.0","","0.0","","0.0","","0.0","","0.0","","0.0","","0.0","","0.0","","0.0","","0.0","","0.0","","0.0","","0.0","","0.0","","0.0","","0.0","","0.0"
"2","0.2122764","0.6755285","0.05790960451977401","3.4166666666666665","3.0","0","6.0","0","3.0","0","5.0","0","3.0","0","20.0","0.07407407","3.0","0","1.0","0","3.0","0","1.0","0","3.0","0","2.0","0","3.0","0","4.0","0","3.0","0","2.0","0","3.0","0","1.0","0","3.0","0","1.0","0","3.0","0","1.0","0","3.0","0","2.0","0","3.0","0","3.0","0","3.0","0","1.0","0","3.0","0","1.0","0","3.0","0","1.0","0","3.0","0","1.0","0","3.0","0","1.0","0","3.0","0","1.0","0","3.0","0","1.0","0","3.0","0","1.0","0","3.0","0","1.0","0","3.0","0","1.0","0","3.0","0","1.0","0","3.0","0","1.0","0","3.0","0","2.0","0","3.0","0","1.0","0","3.0","0","1.0","0","3.0","0","1.0","0","3.0","0","1.0","0","3.0","0","1.0","0","3.0","0","1.0","0","3.0","0","1.0","0","3.0","0","1.0","0","3.0","0","1.0","0","3.0","0","1.0","0","3.0","0","1.0","0","3.0","0","1.0","0","3.0","0","1.0","0","3.0","0","1.0","0","3.0","0","1.0","0","3.0","0","1.0","0","3.0","0","1.0","0","3.0","0","1.0","0","3.0","0","1.0","0","3.0","0","1.0","0","3.0","0","1.0","0","3.0","0","1.0","0","3.0","0","1.0","0","3.0","0","1.0","0","3.0","0","1.0","0","38.0","0.03703704","0.0","0","0.0","0","58.0","0.02380952","1.0","0","53.0","0.004219409","2.0","0","1.0","0","2.0","0","1.0","0","2.0","0","1.0","0","2.0","0","1.0","0","3.0","0","1.0","0","2.0","0","1.0","0","0.0","","0.0","","0.0","","0.0","","0.0","","0.0","","0.0","","0.0","","0.0","","0.0","","0.0","","0.0","","0.0","","0.0","","0.0","","0.0","","0.0","","0.0","","0.0","","0.0","","0.0","","0.0","","0.0","","0.0","","0.0","","0.0","","0.0","","0.0"
"3","0.2122764","0.6755285","0.05790960451977401","3.4166666666666665","3.0","0","6.0","0","3.0","0","5.0","0","3.0","0","20.0","0.06081081","3.0","0","1.0","0","3.0","0","1.0","0","3.0","0","2.0","0","3.0","0","4.0","0","3.0","0","2.0","0","3.0","0","1.0","0","3.0","0","1.0","0","3.0","0","1.0","0","3.0","0","2.0","0","3.0","0","3.0","0","3.0","0","1.0","0","3.0","0","1.0","0","3.0","0","1.0","0","3.0","0","1.0","0","3.0","0","1.0","0","3.0","0","1.0","0","3.0","0","1.0","0","3.0","0","1.0","0","3.0","0","1.0","0","3.0","0","1.0","0","3.0","0","1.0","0","3.0","0","1.0","0","3.0","0","2.0","0","3.0","0","1.0","0","3.0","0","1.0","0","3.0","0","1.0","0","3.0","0","1.0","0","3.0","0","1.0","0","3.0","0","1.0","0","3.0","0","1.0","0","3.0","0","1.0","0","3.0","0","1.0","0","3.0","0","1.0","0","3.0","0","1.0","0","3.0","0","1.0","0","3.0","0","1.0","0","3.0","0","1.0","0","3.0","0","1.0","0","3.0","0","1.0","0","3.0","0","1.0","0","3.0","0","1.0","0","3.0","0","1.0","0","3.0","0","1.0","0","3.0","0","1.0","0","3.0","0","1.0","0","3.0","0","1.0","0","3.0","0","1.0","0","3.0","0","1.0","0","38.0","0.03082192","0.0","0","0.0","0","58.0","0.01991150","1.0","0","53.0","0.003554502","2.0","0","1.0","0","2.0","0","1.0","0","2.0","0","1.0","0","2.0","0","1.0","0","3.0","0","1.0","0","2.0","0","1.0","0","0.0","","0.0","","0.0","","0.0","","0.0","","0.0","","0.0","","0.0","","0.0","","0.0","","0.0","","0.0","","0.0","","0.0","","0.0","","0.0","","0.0","","0.0","","0.0","","0.0","","0.0","","0.0","","0.0","","0.0","","0.0","","0.0","","0.0","","0.0"
"4","0.2122764","0.6755285","0.05790960451977401","3.4166666666666665","3.0","0","6.0","0","3.0","0","5.0","0","3.0","0","20.0","0.05106383","3.0","0","1.0","0","3.0","0","1.0","0","3.0","0","2.0","0","3.0","0","4.0","0","3.0","0","2.0","0","3.0","0","1.0","0","3.0","0","1.0","0","3.0","0","1.0","0","3.0","0","2.0","0","3.0","0","3.0","0","3.0","0","1.0","0","3.0","0","1.0","0","3.0","0","1.0","0","3.0","0","1.0","0","3.0","0","1.0","0","3.0","0","1.0","0","3.0","0","1.0","0","3.0","0","1.0","0","3.0","0","1.0","0","3.0","0","1.0","0","3.0","0","1.0","0","3.0","0","1.0","0","3.0","0","2.0","0","3.0","0","1.0","0","3.0","0","1.0","0","3.0","0","1.0","0","3.0","0","1.0","0","3.0","0","1.0","0","3.0","0","1.0","0","3.0","0","1.0","0","3.0","0","1.0","0","3.0","0","1.0","0","3.0","0","1.0","0","3.0","0","1.0","0","3.0","0","1.0","0","3.0","0","1.0","0","3.0","0","1.0","0","3.0","0","1.0","0","3.0","0","1.0","0","3.0","0","1.0","0","3.0","0","1.0","0","3.0","0","1.0","0","3.0","0","1.0","0","3.0","0","1.0","0","3.0","0","1.0","0","3.0","0","1.0","0","3.0","0","1.0","0","3.0","0","1.0","0","38.0","0.02608696","0.0","0","0.0","0","58.0","0.01690141","1.0","0","53.0","0.003030303","2.0","0","1.0","0","2.0","0","1.0","0","2.0","0","1.0","0","2.0","0","1.0","0","3.0","0","1.0","0","2.0","0","1.0","0","0.0","","0.0","","0.0","","0.0","","0.0","","0.0","","0.0","","0.0","","0.0","","0.0","","0.0","","0.0","","0.0","","0.0","","0.0","","0.0","","0.0","","0.0","","0.0","","0.0","","0.0","","0.0","","0.0","","0.0","","0.0","","0.0","","0.0","","0.0"
"5","0.2130363","0.6769158","0.057103825136612024","3.4262295081967213","3.0","0","6.0","0","3.0","0","5.0","0","3.0","0","21.0","0.05072464","3.0","0","1.0","0","3.0","0","1.0","0","3.0","0","2.0","0","3.0","0","4.0","0","3.0","0","2.0","0","3.0","0","1.0","0","3.0","0","1.0","0","3.0","0","1.0","0","3.0","0","2.0","0","3.0","0","3.0","0","3.0","0","1.0","0","3.0","0","1.0","0","3.0","0","1.0","0","3.0","0","1.0","0","3.0","0","1.0","0","3.0","0","1.0","0","3.0","0","1.0","0","3.0","0","1.0","0","3.0","0","1.0","0","3.0","0","1.0","0","3.0","0","1.0","0","3.0","0","1.0","0","3.0","0","2.0","0","3.0","0","1.0","0","3.0","0","1.0","0","3.0","0","1.0","0","3.0","0","1.0","0","3.0","0","1.0","0","3.0","0","1.0","0","3.0","0","1.0","0","3.0","0","1.0","0","3.0","0","1.0","0","3.0","0","1.0","0","3.0","0","1.0","0","3.0","0","1.0","0","3.0","0","1.0","0","3.0","0","1.0","0","3.0","0","1.0","0","3.0","0","1.0","0","3.0","0","1.0","0","3.0","0","1.0","0","3.0","0","1.0","0","3.0","0","1.0","0","3.0","0","1.0","0","3.0","0","1.0","0","3.0","0","1.0","0","3.0","0","1.0","0","3.0","0","1.0","0","39.0","0.02615845","0.0","0","0.0","0","59.0","0.01700680","1.0","0","54.0","0.005241090","2.0","0","1.0","0","2.0","0","1.0","0","2.0","0","1.0","0","2.0","0","1.0","0","3.0","0","1.0","0","2.0","0","1.0","0","3.0","0","1.0","0","0.0","","0.0","","0.0","","0.0","","0.0","","0.0","","0.0","","0.0","","0.0","","0.0","","0.0","","0.0","","0.0","","0.0","","0.0","","0.0","","0.0","","0.0","","0.0","","0.0","","0.0","","0.0","","0.0","","0.0","","0.0","","0.0"
"6","0.2130363","0.6769158","0.057103825136612024","3.4262295081967213","3.0","0","6.0","0","3.0","0","5.0","0","3.0","0","21.0","0.04831933","3.0","0","1.0","0","3.0","0","1.0","0","3.0","0","2.0","0","3.0","0","4.0","0","3.0","0","2.0","0","3.0","0","1.0","0","3.0","0","1.0","0","3.0","0","1.0","0","3.0","0","2.0","0","3.0","0","3.0","0","3.0","0","1.0","0","3.0","0","1.0","0","3.0","0","1.0","0","3.0","0","1.0","0","3.0","0","1.0","0","3.0","0","1.0","0","3.0","0","1.0","0","3.0","0","1.0","0","3.0","0","1.0","0","3.0","0","1.0","0","3.0","0","1.0","0","3.0","0","1.0","0","3.0","0","2.0","0","3.0","0","1.0","0","3.0","0","1.0","0","3.0","0","1.0","0","3.0","0","1.0","0","3.0","0","1.0","0","3.0","0","1.0","0","3.0","0","1.0","0","3.0","0","1.0","0","3.0","0","1.0","0","3.0","0","1.0","0","3.0","0","1.0","0","3.0","0","1.0","0","3.0","0","1.0","0","3.0","0","1.0","0","3.0","0","1.0","0","3.0","0","1.0","0","3.0","0","1.0","0","3.0","0","1.0","0","3.0","0","1.0","0","3.0","0","1.0","0","3.0","0","1.0","0","3.0","0","1.0","0","3.0","0","1.0","0","3.0","0","1.0","0","3.0","0","1.0","0","39.0","0.02508179","0.0","0","0.0","0","59.0","0.01634684","1.0","0","54.0","0.006144393","2.0","0","1.0","0","2.0","0","1.0","0","2.0","0","1.0","0","2.0","0","1.0","0","3.0","0","1.0","0","2.0","0","1.0","0","3.0","0","1.0","0","0.0","","0.0","","0.0","","0.0","","0.0","","0.0","","0.0","","0.0","","0.0","","0.0","","0.0","","0.0","","0.0","","0.0","","0.0","","0.0","","0.0","","0.0","","0.0","","0.0","","0.0","","0.0","","0.0","","0.0","","0.0","","0.0"
"7","0.2189888","0.6782775","0.055299539170506916","3.4285714285714284","3.0","0","6.0","0","3.0","0","5.0","0","3.0","0","23.0","0.05581761","3.0","0","1.0","0","3.0","0","1.0","0","3.0","0","2.0","0","3.0","0","4.0","0","3.0","0","2.0","0","3.0","0","1.0","0","3.0","0","1.0","0","3.0","0","1.0","0","3.0","0","2.0","0","3.0","0","3.0","0","3.0","0","1.0","0","3.0","0","1.0","0","3.0","0","1.0","0","3.0","0","1.0","0","3.0","0","1.0","0","3.0","0","1.0","0","3.0","0","1.0","0","3.0","0","1.0","0","3.0","0","1.0","0","3.0","0","1.0","0","3.0","0","1.0","0","3.0","0","1.0","0","3.0","0","2.0","0","3.0","0","1.0","0","3.0","0","1.0","0","3.0","0","1.0","0","3.0","0","1.0","0","3.0","0","1.0","0","3.0","0","1.0","0","3.0","0","1.0","0","3.0","0","1.0","0","3.0","0","1.0","0","3.0","0","1.0","0","3.0","0","1.0","0","3.0","0","1.0","0","3.0","0","1.0","0","3.0","0","1.0","0","3.0","0","1.0","0","3.0","0","1.0","0","3.0","0","1.0","0","3.0","0","1.0","0","3.0","0","1.0","0","3.0","0","1.0","0","3.0","0","1.0","0","3.0","0","1.0","0","3.0","0","1.0","0","3.0","0","1.0","0","3.0","0","1.0","0","41.0","0.02929043","0.0","0","0.0","0","61.0","0.01916847","1.0","0","55.0","0.008489461","2.0","0","1.0","0","2.0","0","1.0","0","2.0","0","1.0","0","2.0","0","1.0","0","3.0","0","1.0","0","2.0","0","1.0","0","3.0","0","1.0","0","3.0","0","1.0","0","2.0","0","1.0","0","0.0","","0.0","","0.0","","0.0","","0.0","","0.0","","0.0","","0.0","","0.0","","0.0","","0.0","","0.0","","0.0","","0.0","","0.0","","0.0","","0.0","","0.0","","0.0","","0.0","","0.0","","0.0"
"8","0.2196023","0.6795455","0.054563492063492064","3.4375","3.0","0","6.0","0","3.0","0","5.0","0","3.0","0","24.0","0.06314511","3.0","0","1.0","0","3.0","0","1.0","0","3.0","0","2.0","0","3.0","0","4.0","0","3.0","0","2.0","0","3.0","0","1.0","0","3.0","0","1.0","0","3.0","0","1.0","0","3.0","0","2.0","0","3.0","0","3.0","0","3.0","0","1.0","0","3.0","0","1.0","0","3.0","0","1.0","0","3.0","0","1.0","0","3.0","0","1.0","0","3.0","0","1.0","0","3.0","0","1.0","0","3.0","0","1.0","0","3.0","0","1.0","0","3.0","0","1.0","0","3.0","0","1.0","0","3.0","0","1.0","0","3.0","0","2.0","0","3.0","0","1.0","0","3.0","0","1.0","0","3.0","0","1.0","0","3.0","0","1.0","0","3.0","0","1.0","0","3.0","0","1.0","0","3.0","0","1.0","0","3.0","0","1.0","0","3.0","0","1.0","0","3.0","0","1.0","0","3.0","0","1.0","0","3.0","0","1.0","0","3.0","0","1.0","0","3.0","0","1.0","0","3.0","0","1.0","0","3.0","0","1.0","0","3.0","0","1.0","0","3.0","0","1.0","0","3.0","0","1.0","0","3.0","0","1.0","0","3.0","0","1.0","0","3.0","0","1.0","0","3.0","0","1.0","0","3.0","0","1.0","0","3.0","0","1.0","0","42.0","0.03349436","0.0","0","0.0","0","62.0","0.02201058","1.0","0","56.0","0.01150219","2.0","0","1.0","0","2.0","0","1.0","0","2.0","0","1.0","0","2.0","0","1.0","0","3.0","0","1.0","0","2.0","0","1.0","0","3.0","0","1.0","0","3.0","0","1.0","0","2.0","0","1.0","0","3.0","0","1.0","0","0.0","","0.0","","0.0","","0.0","","0.0","","0.0","","0.0","","0.0","","0.0","","0.0","","0.0","","0.0","","0.0","","0.0","","0.0","","0.0","","0.0","","0.0","","0.0","","0.0"
"9","0.2201923","0.6807692","0.05384615384615385","3.4461538461538463","3.0","0","6.0","0","3.0","0","5.0","0","3.0","0","25.0","0.07019231","3.0","0","1.0","0","3.0","0","1.0","0","3.0","0","2.0","0","3.0","0","4.0","0","3.0","0","2.0","0","3.0","0","1.0","0","3.0","0","1.0","0","3.0","0","1.0","0","3.0","0","2.0","0","3.0","0","3.0","0","3.0","0","1.0","0","3.0","0","1.0","0","3.0","0","1.0","0","3.0","0","1.0","0","3.0","0","1.0","0","3.0","0","1.0","0","3.0","0","1.0","0","3.0","0","1.0","0","3.0","0","1.0","0","3.0","0","1.0","0","3.0","0","1.0","0","3.0","0","1.0","0","3.0","0","2.0","0","3.0","0","1.0","0","3.0","0","1.0","0","3.0","0","1.0","0","3.0","0","1.0","0","3.0","0","1.0","0","3.0","0","1.0","0","3.0","0","1.0","0","3.0","0","1.0","0","3.0","0","1.0","0","3.0","0","1.0","0","3.0","0","1.0","0","3.0","0","1.0","0","3.0","0","1.0","0","3.0","0","1.0","0","3.0","0","1.0","0","3.0","0","1.0","0","3.0","0","1.0","0","3.0","0","1.0","0","3.0","0","1.0","0","3.0","0","1.0","0","3.0","0","1.0","0","3.0","0","1.0","0","3.0","0","1.0","0","3.0","0","1.0","0","3.0","0","1.0","0","43.0","0.03762887","0.0","0","0.0","0","63.0","0.02482993","1.0","0","57.0","0.01481481","2.0","0","1.0","0","2.0","0","1.0","0","2.0","0","1.0","0","2.0","0","1.0","0","3.0","0","1.0","0","2.0","0","1.0","0","3.0","0","1.0","0","3.0","0","1.0","0","2.0","0","1.0","0","3.0","0","1.0","0","3.0","0","1.0","0","0.0","","0.0","","0.0","","0.0","","0.0","","0.0","","0.0","","0.0","","0.0","","0.0","","0.0","","0.0","","0.0","","0.0","","0.0","","0.0","","0.0","","0.0"
"10","0.2250033","0.6807502","0.052913752913752915","3.4393939393939394","3.0","0","6.0","0","3.0","0","5.0","0","3.0","0","26.0","0.07692308","3.0","0","1.0","0","3.0","0","1.0","0","3.0","0","2.0","0","3.0","0","4.0","0","3.0","0","2.0","0","3.0","0","1.0","0","3.0","0","1.0","0","3.0","0","1.0","0","3.0","0","2.0","0","3.0","0","3.0","0","3.0","0","1.0","0","3.0","0","1.0","0","3.0","0","1.0","0","3.0","0","1.0","0","3.0","0","1.0","0","3.0","0","1.0","0","3.0","0","1.0","0","3.0","0","1.0","0","3.0","0","1.0","0","3.0","0","1.0","0","3.0","0","1.0","0","3.0","0","1.0","0","3.0","0","2.0","0","3.0","0","1.0","0","3.0","0","1.0","0","3.0","0","1.0","0","3.0","0","1.0","0","3.0","0","1.0","0","3.0","0","1.0","0","3.0","0","1.0","0","3.0","0","1.0","0","3.0","0","1.0","0","3.0","0","1.0","0","3.0","0","1.0","0","3.0","0","1.0","0","3.0","0","1.0","0","3.0","0","1.0","0","3.0","0","1.0","0","3.0","0","1.0","0","3.0","0","1.0","0","3.0","0","1.0","0","3.0","0","1.0","0","3.0","0","1.0","0","3.0","0","1.0","0","3.0","0","1.0","0","3.0","0","1.0","0","3.0","0","1.0","0","3.0","0","1.0","0","44.0","0.04166667","0.0","0","0.0","0","64.0","0.02760736","1.0","0","57.0","0.01675042","2.0","0","1.0","0","2.0","0","1.0","0","2.0","0","1.0","0","2.0","0","1.0","0","3.0","0","1.0","0","2.0","0","1.0","0","3.0","0","1.0","0","3.0","0","1.0","0","2.0","0","1.0","0","3.0","0","1.0","0","3.0","0","1.0","0","2.0","0","1.0","0","0.0","","0.0","","0.0","","0.0","","0.0","","0.0","","0.0","","0.0","","0.0","","0.0","","0.0","","0.0","","0.0","","0.0","","0.0","","0.0"
"11","0.2250033","0.6807502","0.052913752913752915","3.4393939393939394","3.0","0","6.0","0","3.0","0","5.0","0","3.0","0","26.0","0.08012821","3.0","0","1.0","0","3.0","0","1.0","0","3.0","0","2.0","0","3.0","0","4.0","0","3.0","0","2.0","0","3.0","0","1.0","0","3.0","0","1.0","0","3.0","0","1.0","0","3.0","0","2.0","0","3.0","0","3.0","0","3.0","0","1.0","0","3.0","0","1.0","0","3.0","0","1.0","0","3.0","0","1.0","0","3.0","0","1.0","0","3.0","0","1.0","0","3.0","0","1.0","0","3.0","0","1.0","0","3.0","0","1.0","0","3.0","0","1.0","0","3.0","0","1.0","0","3.0","0","1.0","0","3.0","0","2.0","0","3.0","0","1.0","0","3.0","0","1.0","0","3.0","0","1.0","0","3.0","0","1.0","0","3.0","0","1.0","0","3.0","0","1.0","0","3.0","0","1.0","0","3.0","0","1.0","0","3.0","0","1.0","0","3.0","0","1.0","0","3.0","0","1.0","0","3.0","0","1.0","0","3.0","0","1.0","0","3.0","0","1.0","0","3.0","0","1.0","0","3.0","0","1.0","0","3.0","0","1.0","0","3.0","0","1.0","0","3.0","0","1.0","0","3.0","0","1.0","0","3.0","0","1.0","0","3.0","0","1.0","0","3.0","0","1.0","0","3.0","0","1.0","0","3.0","0","1.0","0","44.0","0.04376751","0.0","0","0.0","0","64.0","0.02909683","1.0","0","57.0","0.01783894","2.0","0","1.0","0","2.0","0","1.0","0","2.0","0","1.0","0","2.0","0","1.0","0","3.0","0","1.0","0","2.0","0","1.0","0","3.0","0","1.0","0","3.0","0","1.0","0","2.0","0","1.0","0","3.0","0","1.0","0","3.0","0","1.0","0","2.0","0","1.0","0","0.0","","0.0","","0.0","","0.0","","0.0","","0.0","","0.0","","0.0","","0.0","","0.0","","0.0","","0.0","","0.0","","0.0","","0.0","","0.0"
"12","0.2250033","0.6807502","0.052913752913752915","3.4393939393939394","3.0","0","6.0","0","3.0","0","5.0","0","3.0","0","26.0","0.08122647","3.0","0","1.0","0","3.0","0","1.0","0","3.0","0","2.0","0","3.0","0","4.0","0","3.0","0","2.0","0","3.0","0","1.0","0","3.0","0","1.0","0","3.0","0","1.0","0","3.0","0","2.0","0","3.0","0","3.0","0","3.0","0","1.0","0","3.0","0","1.0","0","3.0","0","1.0","0","3.0","0","1.0","0","3.0","0","1.0","0","3.0","0","1.0","0","3.0","0","1.0","0","3.0","0","1.0","0","3.0","0","1.0","0","3.0","0","1.0","0","3.0","0","1.0","0","3.0","0","1.0","0","3.0","0","2.0","0","3.0","0","1.0","0","3.0","0","1.0","0","3.0","0","1.0","0","3.0","0","1.0","0","3.0","0","1.0","0","3.0","0","1.0","0","3.0","0","1.0","0","3.0","0","1.0","0","3.0","0","1.0","0","3.0","0","1.0","0","3.0","0","1.0","0","3.0","0","1.0","0","3.0","0","1.0","0","3.0","0","1.0","0","3.0","0","1.0","0","3.0","0","1.0","0","3.0","0","1.0","0","3.0","0","1.0","0","3.0","0","1.0","0","3.0","0","1.0","0","3.0","0","1.0","0","3.0","0","1.0","0","3.0","0","1.0","0","3.0","0","1.0","0","3.0","0","1.0","0","44.0","0.04467456","0.0","0","0.0","0","64.0","0.02978304","1.0","0","57.0","0.01839230","2.0","0","1.0","0","2.0","0","1.0","0","2.0","0","1.0","0","2.0","0","1.0","0","3.0","0","1.0","0","2.0","0","1.0","0","3.0","0","1.0","0","3.0","0","1.0","0","2.0","0","1.0","0","3.0","0","1.0","0","3.0","0","1.0","0","2.0","0","1.0","0","0.0","","0.0","","0.0","","0.0","","0.0","","0.0","","0.0","","0.0","","0.0","","0.0","","0.0","","0.0","","0.0","","0.0","","0.0","","0.0"
"13","0.2300151","0.6818753","0.051360842844600525","3.4411764705882355","3.0","0","6.0","0","3.0","0","5.0","0","3.0","0","28.0","0.08644222","3.0","0","1.0","0","3.0","0","1.0","0","3.0","0","2.0","0","3.0","0","4.0","0","3.0","0","2.0","0","3.0","0","1.0","0","3.0","0","1.0","0","3.0","0","1.0","0","3.0","0","2.0","0","3.0","0","3.0","0","3.0","0","1.0","0","3.0","0","1.0","0","3.0","0","1.0","0","3.0","0","1.0","0","3.0","0","1.0","0","3.0","0","1.0","0","3.0","0","1.0","0","3.0","0","1.0","0","3.0","0","1.0","0","3.0","0","1.0","0","3.0","0","1.0","0","3.0","0","1.0","0","3.0","0","2.0","0","3.0","0","1.0","0","3.0","0","1.0","0","3.0","0","1.0","0","3.0","0","1.0","0","3.0","0","1.0","0","3.0","0","1.0","0","3.0","0","1.0","0","3.0","0","1.0","0","3.0","0","1.0","0","3.0","0","1.0","0","3.0","0","1.0","0","3.0","0","1.0","0","3.0","0","1.0","0","3.0","0","1.0","0","3.0","0","1.0","0","3.0","0","1.0","0","3.0","0","1.0","0","3.0","0","1.0","0","3.0","0","1.0","0","3.0","0","1.0","0","3.0","0","1.0","0","3.0","0","1.0","0","3.0","0","1.0","0","3.0","0","1.0","0","3.0","0","1.0","0","46.0","0.04795558","0.0","0","0.0","0","66.0","0.03208376","1.0","0","58.0","0.01978451","2.0","0","1.0","0","2.0","0","1.0","0","2.0","0","1.0","0","2.0","0","1.0","0","3.0","0","1.0","0","2.0","0","1.0","0","3.0","0","1.0","0","3.0","0","1.0","0","2.0","0","1.0","0","3.0","0","1.0","0","3.0","0","1.0","0","2.0","0","1.0","0","3.0","0","1.0","0","2.0","0","1.0","0","0.0","","0.0","","0.0","","0.0","","0.0","","0.0","","0.0","","0.0","","0.0","","0.0","","0.0","","0.0"
"14","0.2300151","0.6818753","0.051360842844600525","3.4411764705882355","3.0","0","6.0","0","3.0","0","5.0","0","3.0","0","28.0","0.08927875","3.0","0","1.0","0","3.0","0","1.0","0","3.0","0","2.0","0","3.0","0","4.0","0","3.0","0","2.0","0","3.0","0","1.0","0","3.0","0","1.0","0","3.0","0","1.0","0","3.0","0","2.0","0","3.0","0","3.0","0","3.0","0","1.0","0","3.0","0","1.0","0","3.0","0","1.0","0","3.0","0","1.0","0","3.0","0","1.0","0","3.0","0","1.0","0","3.0","0","1.0","0","3.0","0","1.0","0","3.0","0","1.0","0","3.0","0","1.0","0","3.0","0","1.0","0","3.0","0","1.0","0","3.0","0","2.0","0","3.0","0","1.0","0","3.0","0","1.0","0","3.0","0","1.0","0","3.0","0","1.0","0","3.0","0","1.0","0","3.0","0","1.0","0","3.0","0","1.0","0","3.0","0","1.0","0","3.0","0","1.0","0","3.0","0","1.0","0","3.0","0","1.0","0","3.0","0","1.0","0","3.0","0","1.0","0","3.0","0","1.0","0","3.0","0","1.0","0","3.0","0","1.0","0","3.0","0","1.0","0","3.0","0","1.0","0","3.0","0","1.0","0","3.0","0","1.0","0","3.0","0","1.0","0","3.0","0","1.0","0","3.0","0","1.0","0","3.0","0","1.0","0","3.0","0","1.0","0","46.0","0.04989107","0.0","0","0.0","0","66.0","0.03347953","1.0","0","58.0","0.02063684","2.0","0","1.0","0","2.0","0","1.0","0","2.0","0","1.0","0","2.0","0","1.0","0","3.0","0","1.0","0","2.0","0","1.0","0","3.0","0","1.0","0","3.0","0","1.0","0","2.0","0","1.0","0","3.0","0","1.0","0","3.0","0","1.0","0","2.0","0","1.0","0","3.0","0","1.0","0","2.0","0","1.0","0","0.0","","0.0","","0.0","","0.0","","0.0","","0.0","","0.0","","0.0","","0.0","","0.0","","0.0","","0.0"
"15","0.2304226","0.6829862","0.050724637681159424","3.449275362318841","3.0","0","6.0","0","3.0","0","5.0","0","3.0","0","29.0","0.09282345","3.0","0","1.0","0","3.0","0","1.0","0","3.0","0","2.0","0","3.0","0","4.0","0","3.0","0","2.0","0","3.0","0","1.0","0","3.0","0","1.0","0","3.0","0","1.0","0","3.0","0","2.0","0","3.0","0","3.0","0","3.0","0","1.0","0","3.0","0","1.0","0","3.0","0","1.0","0","3.0","0","1.0","0","3.0","0","1.0","0","3.0","0","1.0","0","3.0","0","1.0","0","3.0","0","1.0","0","3.0","0","1.0","0","3.0","0","1.0","0","3.0","0","1.0","0","3.0","0","1.0","0","3.0","0","2.0","0","3.0","0","1.0","0","3.0","0","1.0","0","3.0","0","1.0","0","3.0","0","1.0","0","3.0","0","1.0","0","3.0","0","1.0","0","3.0","0","1.0","0","3.0","0","1.0","0","3.0","0","1.0","0","3.0","0","1.0","0","3.0","0","1.0","0","3.0","0","1.0","0","3.0","0","1.0","0","3.0","0","1.0","0","3.0","0","1.0","0","3.0","0","1.0","0","3.0","0","1.0","0","3.0","0","1.0","0","3.0","0","1.0","0","3.0","0","1.0","0","3.0","0","1.0","0","3.0","0","1.0","0","3.0","0","1.0","0","3.0","0","1.0","0","3.0","0","1.0","0","47.0","0.05225721","0.0","0","0.0","0","67.0","0.03517620","1.0","0","59.0","0.02215011","2.0","0","1.0","0","2.0","0","1.0","0","2.0","0","1.0","0","2.0","0","1.0","0","3.0","0","1.0","0","2.0","0","1.0","0","3.0","0","1.0","0","3.0","0","1.0","0","2.0","0","1.0","0","3.0","0","1.0","0","3.0","0","1.0","0","2.0","0","1.0","0","3.0","0","1.0","0","2.0","0","1.0","0","3.0","0","1.0","0","0.0","","0.0","","0.0","","0.0","","0.0","","0.0","","0.0","","0.0","","0.0","","0.0"
"16","0.2346769","0.6829283","0.04989648033126294","3.442857142857143","3.0","0","6.0","0","3.0","0","5.0","0","3.0","0","30.0","0.09681678","3.0","0","1.0","0","3.0","0","1.0","0","3.0","0","2.0","0","3.0","0","4.0","0","3.0","0","2.0","0","3.0","0","1.0","0","3.0","0","1.0","0","3.0","0","1.0","0","3.0","0","2.0","0","3.0","0","3.0","0","3.0","0","1.0","0","3.0","0","1.0","0","3.0","0","1.0","0","3.0","0","1.0","0","3.0","0","1.0","0","3.0","0","1.0","0","3.0","0","1.0","0","3.0","0","1.0","0","3.0","0","1.0","0","3.0","0","1.0","0","3.0","0","1.0","0","3.0","0","1.0","0","3.0","0","2.0","0","3.0","0","1.0","0","3.0","0","1.0","0","3.0","0","1.0","0","3.0","0","1.0","0","3.0","0","1.0","0","3.0","0","1.0","0","3.0","0","1.0","0","3.0","0","1.0","0","3.0","0","1.0","0","3.0","0","1.0","0","3.0","0","1.0","0","3.0","0","1.0","0","3.0","0","1.0","0","3.0","0","1.0","0","3.0","0","1.0","0","3.0","0","1.0","0","3.0","0","1.0","0","3.0","0","1.0","0","3.0","0","1.0","0","3.0","0","1.0","0","3.0","0","1.0","0","3.0","0","1.0","0","3.0","0","1.0","0","3.0","0","1.0","0","3.0","0","1.0","0","48.0","0.05491305","0.0","0","0.0","0","68.0","0.03708073","1.0","0","59.0","0.02315593","2.0","0","1.0","0","2.0","0","1.0","0","2.0","0","1.0","0","2.0","0","1.0","0","3.0","0","1.0","0","2.0","0","1.0","0","3.0","0","1.0","0","3.0","0","1.0","0","2.0","0","1.0","0","3.0","0","1.0","0","3.0","0","1.0","0","2.0","0","1.0","0","3.0","0","1.0","0","2.0","0","1.0","0","3.0","0","1.0","0","2.0","0","1.0","0","0.0","","0.0","","0.0","","0.0","","0.0","","0.0","","0.0","","0.0"
"17","0.2346769","0.6829283","0.04989648033126294","3.442857142857143","3.0","0","6.0","0","3.0","0","5.0","0","3.0","0","30.0","0.09912349","3.0","0","1.0","0","3.0","0","1.0","0","3.0","0","2.0","0","3.0","0","4.0","0","3.0","0","2.0","0","3.0","0","1.0","0","3.0","0","1.0","0","3.0","0","1.0","0","3.0","0","2.0","0","3.0","0","3.0","0","3.0","0","1.0","0","3.0","0","1.0","0","3.0","0","1.0","0","3.0","0","1.0","0","3.0","0","1.0","0","3.0","0","1.0","0","3.0","0","1.0","0","3.0","0","1.0","0","3.0","0","1.0","0","3.0","0","1.0","0","3.0","0","1.0","0","3.0","0","1.0","0","3.0","0","2.0","0","3.0","0","1.0","0","3.0","0","1.0","0","3.0","0","1.0","0","3.0","0","1.0","0","3.0","0","1.0","0","3.0","0","1.0","0","3.0","0","1.0","0","3.0","0","1.0","0","3.0","0","1.0","0","3.0","0","1.0","0","3.0","0","1.0","0","3.0","0","1.0","0","3.0","0","1.0","0","3.0","0","1.0","0","3.0","0","1.0","0","3.0","0","1.0","0","3.0","0","1.0","0","3.0","0","1.0","0","3.0","0","1.0","0","3.0","0","1.0","0","3.0","0","1.0","0","3.0","0","1.0","0","3.0","0","1.0","0","3.0","0","1.0","0","3.0","0","1.0","0","48.0","0.05658572","0.0","0","0.0","0","68.0","0.03831589","1.0","0","59.0","0.02379371","2.0","0","1.0","0","2.0","0","1.0","0","2.0","0","1.0","0","2.0","0","1.0","0","3.0","0","1.0","0","2.0","0","1.0","0","3.0","0","1.0","0","3.0","0","1.0","0","2.0","0","1.0","0","3.0","0","1.0","0","3.0","0","1.0","0","2.0","0","1.0","0","3.0","0","1.0","0","2.0","0","1.0","0","3.0","0","1.0","0","2.0","0","1.0","0","0.0","","0.0","","0.0","","0.0","","0.0","","0.0","","0.0","","0.0"
"18","0.2346769","0.6829283","0.04989648033126294","3.442857142857143","3.0","0","6.0","0","3.0","0","5.0","0","3.0","0","30.0","0.1002398","3.0","0","1.0","0","3.0","0","1.0","0","3.0","0","2.0","0","3.0","0","4.0","0","3.0","0","2.0","0","3.0","0","1.0","0","3.0","0","1.0","0","3.0","0","1.0","0","3.0","0","2.0","0","3.0","0","3.0","0","3.0","0","1.0","0","3.0","0","1.0","0","3.0","0","1.0","0","3.0","0","1.0","0","3.0","0","1.0","0","3.0","0","1.0","0","3.0","0","1.0","0","3.0","0","1.0","0","3.0","0","1.0","0","3.0","0","1.0","0","3.0","0","1.0","0","3.0","0","1.0","0","3.0","0","2.0","0","3.0","0","1.0","0","3.0","0","1.0","0","3.0","0","1.0","0","3.0","0","1.0","0","3.0","0","1.0","0","3.0","0","1.0","0","3.0","0","1.0","0","3.0","0","1.0","0","3.0","0","1.0","0","3.0","0","1.0","0","3.0","0","1.0","0","3.0","0","1.0","0","3.0","0","1.0","0","3.0","0","1.0","0","3.0","0","1.0","0","3.0","0","1.0","0","3.0","0","1.0","0","3.0","0","1.0","0","3.0","0","1.0","0","3.0","0","1.0","0","3.0","0","1.0","0","3.0","0","1.0","0","3.0","0","1.0","0","3.0","0","1.0","0","3.0","0","1.0","0","48.0","0.05754736","0.0","0","0.0","0","68.0","0.03906215","1.0","0","59.0","0.02416200","2.0","0","1.0","0","2.0","0","1.0","0","2.0","0","1.0","0","2.0","0","1.0","0","3.0","0","1.0","0","2.0","0","1.0","0","3.0","0","1.0","0","3.0","0","1.0","0","2.0","0","1.0","0","3.0","0","1.0","0","3.0","0","1.0","0","2.0","0","1.0","0","3.0","0","1.0","0","2.0","0","1.0","0","3.0","0","1.0","0","2.0","0","1.0","0","0.0","","0.0","","0.0","","0.0","","0.0","","0.0","","0.0","","0.0"
"19","0.2390233","0.6839158","0.048513302034428794","3.4444444444444446","3.0","0","6.0","0","3.0","0","5.0","0","3.0","0","32.0","0.1039554","3.0","0","1.0","0","3.0","0","1.0","0","3.0","0","2.0","0","3.0","0","4.0","0","3.0","0","2.0","0","3.0","0","1.0","0","3.0","0","1.0","0","3.0","0","1.0","0","3.0","0","2.0","0","3.0","0","3.0","0","3.0","0","1.0","0","3.0","0","1.0","0","3.0","0","1.0","0","3.0","0","1.0","0","3.0","0","1.0","0","3.0","0","1.0","0","3.0","0","1.0","0","3.0","0","1.0","0","3.0","0","1.0","0","3.0","0","1.0","0","3.0","0","1.0","0","3.0","0","1.0","0","3.0","0","2.0","0","3.0","0","1.0","0","3.0","0","1.0","0","3.0","0","1.0","0","3.0","0","1.0","0","3.0","0","1.0","0","3.0","0","1.0","0","3.0","0","1.0","0","3.0","0","1.0","0","3.0","0","1.0","0","3.0","0","1.0","0","3.0","0","1.0","0","3.0","0","1.0","0","3.0","0","1.0","0","3.0","0","1.0","0","3.0","0","1.0","0","3.0","0","1.0","0","3.0","0","1.0","0","3.0","0","1.0","0","3.0","0","1.0","0","3.0","0","1.0","0","3.0","0","1.0","0","3.0","0","1.0","0","3.0","0","1.0","0","3.0","0","1.0","0","3.0","0","1.0","0","50.0","0.06008206","0.0","0","0.0","0","70.0","0.04090184","1.0","0","60.0","0.02515583","2.0","0","1.0","0","2.0","0","1.0","0","2.0","0","1.0","0","2.0","0","1.0","0","3.0","0","1.0","0","2.0","0","1.0","0","3.0","0","1.0","0","3.0","0","1.0","0","2.0","0","1.0","0","3.0","0","1.0","0","3.0","0","1.0","0","2.0","0","1.0","0","3.0","0","1.0","0","2.0","0","1.0","0","3.0","0","1.0","0","2.0","0","1.0","0","3.0","0","1.0","0","2.0","0","1.0","0","0.0","","0.0","","0.0","","0.0"
"20","0.2395481","0.6859164","0.04738985560903369","3.4594594594594597","3.0","0","6.0","0","3.0","0","5.0","0","3.0","0","34.0","0.1095148","3.0","0","1.0","0","3.0","0","1.0","0","3.0","0","2.0","0","3.0","0","4.0","0","3.0","0","2.0","0","3.0","0","1.0","0","3.0","0","1.0","0","3.0","0","1.0","0","3.0","0","2.0","0","3.0","0","3.0","0","3.0","0","1.0","0","3.0","0","1.0","0","3.0","0","1.0","0","3.0","0","1.0","0","3.0","0","1.0","0","3.0","0","1.0","0","3.0","0","1.0","0","3.0","0","1.0","0","3.0","0","1.0","0","3.0","0","1.0","0","3.0","0","1.0","0","3.0","0","1.0","0","3.0","0","2.0","0","3.0","0","1.0","0","3.0","0","1.0","0","3.0","0","1.0","0","3.0","0","1.0","0","3.0","0","1.0","0","3.0","0","1.0","0","3.0","0","1.0","0","3.0","0","1.0","0","3.0","0","1.0","0","3.0","0","1.0","0","3.0","0","1.0","0","3.0","0","1.0","0","3.0","0","1.0","0","3.0","0","1.0","0","3.0","0","1.0","0","3.0","0","1.0","0","3.0","0","1.0","0","3.0","0","1.0","0","3.0","0","1.0","0","3.0","0","1.0","0","3.0","0","1.0","0","3.0","0","1.0","0","3.0","0","1.0","0","3.0","0","1.0","0","3.0","0","1.0","0","52.0","0.06377269","0.0","0","0.0","0","72.0","0.04355795","1.0","0","62.0","0.02740607","2.0","0","1.0","0","2.0","0","1.0","0","2.0","0","1.0","0","2.0","0","1.0","0","3.0","0","1.0","0","2.0","0","1.0","0","3.0","0","1.0","0","3.0","0","1.0","0","2.0","0","1.0","0","3.0","0","1.0","0","3.0","0","1.0","0","2.0","0","1.0","0","3.0","0","1.0","0","2.0","0","1.0","0","3.0","0","1.0","0","2.0","0","1.0","0","3.0","0","1.0","0","2.0","0","1.0","0","3.0","0","1.0","0","3.0","0","1.0","0"
